ptg000298l	214848	217456	1001 	 1855 
ptg000298l	215491	217619	358 	 1212 
ptg000298l	215666	218121	183 	 1037 
ptg000298l	218578	221186	1001 	 1855 
ptg000298l	219221	221349	358 	 1212 
ptg000298l	219396	221851	183 	 1037 
ptg000298l	222308	224916	1001 	 1855 
ptg000298l	222951	225079	358 	 1212 
ptg000298l	223126	225581	183 	 1037 
ptg000298l	226038	228640	1001 	 1855 
ptg000298l	226681	228809	358 	 1212 
ptg000298l	226856	229311	183 	 1037 
ptg000298l	229800	232408	1001 	 1855 
ptg000298l	230443	232571	358 	 1212 
ptg000298l	230618	233073	183 	 1037 
ptg000298l	233530	236138	1001 	 1855 
ptg000298l	234173	236301	358 	 1212 
ptg000298l	234348	236803	183 	 1037 
ptg000100l	246827	250341	1160 	 2524 
ptg000100l	257828	261228	1139 	 2401 
ptg000100l	291356	294087	1594 	 212 	reverse 
ptg000100l	302719	305414	1573 	 311 	reverse 
ptg000100l	538715	542025	2236 	 1001 	reverse 
ptg000100l	540099	542290	852 	 1 	reverse 
ptg000527l	2261	5775	1160 	 2524 
ptg000527l	10111	13511	1160 	 2401 
ptg000041l	2473684	2476379	1813 	 992 	reverse 
ptg000119l	325614	329017	2042 	 3073 
ptg000121l	1098933	1102000	1220 	 2140 
ptg000121l	1406073	1409877	1879 	 2805 
ptg000121l	1422683	1426487	1879 	 2805 
ptg000042l	79376	81864	1909 	 995 	reverse 
ptg000042l	180559	183092	1579 	 281 	reverse 
ptg000051l	1361944	1364468	1666 	 851 	reverse 
ptg000005l	19795	22052	1819 	 983 	reverse 
ptg000005l	21343	23996	1711 	 2 	reverse 
ptg000110l	114091	116672	1699 	 947 	reverse 
ptg000105l	578905	581567	2002 	 983 	reverse 
