Contig	Start	End	Strand	Pos
contig_1	560	751	1	1
contig_1	693	1745	1	2
contig_1	1785	4235	1	3
contig_1	4266	6764	1	4
contig_1	6776	8641	1	5
contig_1	8655	9311	1	6
contig_1	9333	10172	1	7
contig_1	10182	11675	-1	8
contig_1	11687	12895	-1	9
contig_1	12892	13338	-1	10
contig_1	13354	14070	-1	11
contig_1	14095	14808	-1	12
contig_1	14818	15888	-1	13
contig_1	16013	17176	1	14
contig_1	17192	18685	1	15
contig_1	18740	19468	1	16
contig_1	19443	20294	1	17
contig_1	20307	20615	-1	18
contig_1	20871	21845	-1	19
contig_1	21860	22312	-1	20
contig_1	22340	23527	-1	21
contig_1	23894	26074	-1	22
contig_1	26289	26915	1	23
contig_1	26929	27786	-1	24
contig_1	27811	28419	-1	25
contig_1	28451	29377	-1	26
contig_1	29364	30404	-1	27
contig_1	30401	32032	-1	28
contig_1	32065	33108	-1	29
contig_1	33116	33268	-1	30
contig_1	33268	33507	-1	31
contig_1	33537	34628	-1	32
contig_1	35132	35590	1	33
contig_1	35897	36706	1	34
contig_1	36716	38566	1	35
contig_1	38732	39106	1	36
contig_1	39145	39771	1	37
contig_1	39788	40261	1	38
contig_1	40262	42514	-1	39
contig_1	42664	43995	1	40
contig_1	44013	44915	-1	41
contig_1	46967	47791	1	42
contig_1	47995	48996	1	43
contig_1	49028	49594	1	44
contig_1	49606	51132	1	45
contig_1	51116	52054	1	46
contig_1	52076	53491	1	47
contig_1	53509	53964	1	48
contig_1	54092	55522	1	49
contig_1	55571	56533	1	50
contig_1	56516	58294	-1	51
contig_1	58336	59643	-1	52
contig_1	59748	60848	-1	53
contig_1	60835	62244	-1	54
contig_1	62271	63455	-1	55
contig_1	63442	65040	-1	56
contig_1	65053	66168	-1	57
contig_1	66165	67850	-1	58
contig_1	67871	69715	-1	59
contig_1	69728	70027	-1	60
contig_1	70031	71104	-1	61
contig_1	71296	72021	1	62
contig_1	72026	73027	-1	63
contig_1	73037	74134	-1	64
contig_1	74303	76714	1	65
contig_1	76873	77979	1	66
contig_1	78228	78728	-1	67
contig_1	78752	79840	-1	68
contig_1	79935	80546	-1	69
contig_1	80549	81523	-1	70
contig_1	81759	82721	-1	71
contig_1	82718	83545	-1	72
contig_1	83545	84639	-1	73
contig_1	84643	85125	-1	74
contig_1	85129	86967	-1	75
contig_1	87133	88071	1	76
contig_1	88157	90088	1	77
contig_1	90085	90552	-1	78
contig_1	90775	91830	1	79
contig_1	91833	92375	-1	80
contig_1	92454	92615	-1	81
contig_1	93083	94759	-1	82
contig_1	94824	95801	1	83
contig_1	95920	97152	1	84
contig_1	97263	98705	-1	85
contig_1	99741	100874	-1	86
contig_1	100871	101392	-1	87
contig_1	101475	102272	-1	88
contig_1	102523	103548	1	89
contig_1	103550	103744	1	90
contig_1	103763	104758	1	91
contig_1	104771	105781	1	92
contig_1	105788	106768	1	93
contig_1	106735	109041	1	94
contig_1	109038	109916	-1	95
contig_1	109930	110949	-1	96
contig_1	111274	113445	1	97
contig_1	113442	114845	1	98
contig_1	114851	115981	1	99
contig_1	116205	116606	1	100
contig_1	116750	117220	1	101
contig_1	117237	117578	1	102
contig_1	117613	118023	1	103
contig_1	118138	118563	1	104
contig_1	118600	118926	1	105
contig_1	119023	119967	1	106
contig_1	119994	120296	1	107
contig_1	120302	122053	1	108
contig_1	122063	122446	1	109
contig_1	122447	122770	1	110
contig_1	122786	124555	-1	111
contig_1	124770	125912	1	112
contig_1	125942	126445	1	113
contig_1	126448	126900	1	114
contig_1	126918	127655	1	115
contig_1	127673	128062	1	116
contig_1	128092	130971	-1	117
contig_1	131054	132595	-1	118
contig_1	132661	133356	-1	119
contig_1	133470	133910	1	120
contig_1	133960	134457	1	121
contig_1	134558	135493	1	122
contig_1	135484	135822	-1	123
contig_1	135838	136617	-1	124
contig_1	136703	137809	-1	125
contig_1	137887	138726	-1	126
contig_1	138892	139815	-1	127
contig_1	140032	141270	-1	128
contig_1	141930	143108	1	129
contig_1	143114	145075	1	130
contig_1	145079	146029	1	131
contig_1	146179	148053	1	132
contig_1	148042	149151	-1	133
contig_1	149241	149726	-1	134
contig_1	149752	150372	1	135
contig_1	150356	150910	1	136
contig_1	150992	151588	1	137
contig_1	151585	152658	1	138
contig_1	152676	153860	1	139
contig_1	153857	154375	1	140
contig_1	154350	155093	1	141
contig_1	155100	156602	-1	142
contig_1	156711	158216	-1	143
contig_1	158376	158702	-1	144
contig_1	158708	159061	-1	145
contig_1	159278	160015	-1	146
contig_1	160139	161605	-1	147
contig_1	161749	163215	-1	148
contig_1	163522	171876	1	149
contig_1	172140	174419	1	150
contig_1	174420	175745	-1	151
contig_1	176045	176692	1	152
contig_1	176706	177518	1	153
contig_1	177534	179984	-1	154
contig_1	180292	180846	1	155
contig_1	180862	181590	-1	156
contig_1	181639	183990	1	157
contig_1	184019	185404	1	158
contig_1	185469	187439	1	159
contig_1	187434	188537	-1	160
contig_1	188888	189115	-1	161
contig_1	189236	190192	-1	162
contig_1	190576	191667	1	163
contig_1	191979	193277	1	164
contig_1	193321	194583	1	165
contig_1	194628	195482	-1	166
contig_1	195479	196333	-1	167
contig_1	196354	197952	-1	168
contig_1	197985	199997	-1	169
contig_1	200008	200868	-1	170
contig_1	200983	201426	1	171
contig_1	201434	201895	-1	172
contig_1	202030	202674	-1	173
contig_1	203171	203389	1	174
contig_1	203547	203918	-1	175
contig_1	204170	205066	1	176
contig_1	205056	206255	-1	177
contig_1	206428	207456	1	178
contig_1	207603	207866	1	179
contig_1	207850	208926	1	180
contig_1	208911	209576	1	181
contig_1	209675	210535	1	182
contig_1	210552	211505	1	183
contig_1	211579	212745	-1	184
contig_1	212745	213158	-1	185
contig_1	213510	214991	-1	186
contig_1	215221	216645	-1	187
contig_1	217516	218409	1	188
contig_1	218649	218750	1	189
contig_1	218788	219381	1	190
contig_1	219442	220698	1	191
contig_1	220887	223160	-1	192
contig_1	223663	225753	-1	193
contig_1	225858	227222	-1	194
contig_1	227285	227749	-1	195
contig_1	227993	229102	1	196
contig_1	229092	229742	-1	197
contig_1	229739	232633	-1	198
contig_1	232630	234852	-1	199
contig_1	234957	235778	1	200
contig_1	235998	238271	-1	201
contig_1	238544	240025	-1	202
contig_1	240026	241594	1	203
contig_1	241598	242131	-1	204
contig_1	242421	242672	1	205
contig_1	242690	242995	-1	206
contig_1	243073	245196	-1	207
contig_1	245475	246128	1	208
contig_1	246125	246625	-1	209
contig_1	246784	248373	1	210
contig_1	248380	249390	-1	211
contig_1	249659	251494	-1	212
contig_1	251507	252790	-1	213
contig_1	252783	254105	-1	214
contig_1	254089	254973	-1	215
contig_1	255120	259319	1	216
contig_1	259306	262443	1	217
contig_1	262478	263557	1	218
contig_1	263656	264300	1	219
contig_1	264300	266318	1	220
contig_1	266361	266813	1	221
contig_1	266810	269935	1	222
contig_1	269932	271059	1	223
contig_1	271263	271565	1	224
contig_1	271669	273063	-1	225
contig_1	273328	274773	1	226
contig_1	274778	275323	1	227
contig_1	275328	276464	1	228
contig_1	276457	278529	1	229
contig_1	278516	280057	1	230
contig_1	280094	281029	1	231
contig_1	281056	282825	1	232
contig_1	282929	283807	-1	233
contig_1	283945	284334	-1	234
contig_1	284321	285220	-1	235
contig_1	285289	286209	-1	236
contig_1	286443	286808	1	237
contig_1	286825	288822	1	238
contig_1	288834	289037	1	239
contig_1	289198	290637	1	240
contig_1	290634	293756	1	241
contig_1	294211	294504	1	242
contig_1	294538	295197	-1	243
contig_1	295418	297445	1	244
contig_1	297574	298740	1	245
contig_1	298955	299227	-1	246
contig_1	299274	299546	-1	247
contig_1	299593	300462	-1	248
contig_1	300907	301698	1	249
contig_1	301699	303162	1	250
contig_1	303162	305633	1	251
contig_1	305733	306926	1	252
contig_1	306954	307499	1	253
contig_1	307664	308137	-1	254
contig_1	308660	309040	1	255
contig_1	309042	309911	1	256
contig_1	310087	310809	1	257
contig_1	310806	313868	-1	258
contig_1	313902	315248	-1	259
contig_1	315252	316847	-1	260
contig_1	317056	317763	-1	261
contig_1	318008	318880	1	262
contig_1	318942	319682	-1	263
contig_1	320187	320690	1	264
contig_1	320647	321963	1	265
contig_1	322339	322740	-1	266
contig_1	323965	324237	1	267
contig_1	324313	324855	-1	268
contig_1	324960	325760	1	269
contig_1	325789	326400	1	270
contig_1	326432	329215	1	271
contig_1	329489	330076	-1	272
contig_1	330073	330546	-1	273
contig_1	330864	331316	1	274
contig_1	331313	331762	1	275
contig_1	331767	332141	-1	276
contig_1	332312	333523	1	277
contig_1	333491	333913	-1	278
contig_1	333925	334752	-1	279
contig_1	335097	335750	1	280
contig_1	335826	337346	1	281
contig_1	337417	337593	1	282
contig_1	337802	338599	1	283
contig_1	338617	339807	-1	284
contig_1	340030	340893	-1	285
contig_1	341096	343375	1	286
contig_1	343425	347603	1	287
contig_1	347666	354898	1	288
contig_1	355029	355784	1	289
contig_1	356512	357369	-1	290
contig_1	358127	358975	1	291
contig_1	359035	360141	-1	292
contig_1	360151	361008	-1	293
contig_1	361152	362003	-1	294
contig_1	362003	362743	-1	295
contig_1	362995	363384	1	296
contig_1	363386	364207	-1	297
contig_1	364204	364548	-1	298
contig_1	364548	365156	-1	299
contig_1	365153	365668	-1	300
contig_1	365665	365847	-1	301
contig_1	365844	366569	-1	302
contig_1	366571	367302	-1	303
contig_1	367302	367979	-1	304
contig_1	367985	368671	-1	305
contig_1	368677	370173	-1	306
contig_1	370256	370840	-1	307
contig_1	371343	372032	1	308
contig_1	372036	372884	-1	309
contig_1	372972	374858	-1	310
contig_1	374993	375979	-1	311
contig_1	376027	376275	-1	312
contig_1	376372	377013	1	313
contig_1	377147	377257	-1	314
contig_1	377520	379145	1	315
contig_1	379145	380593	1	316
contig_1	380679	381173	1	317
contig_1	381192	382157	1	318
contig_1	383781	384020	1	319
contig_1	384536	385114	-1	320
contig_1	386639	386959	1	321
contig_1	387767	389188	1	322
contig_1	389190	390470	-1	323
contig_1	390503	392677	-1	324
contig_1	392843	393562	1	325
contig_1	393566	394540	1	326
contig_1	394542	394970	1	327
contig_1	394988	396043	1	328
contig_1	396067	396900	1	329
contig_1	396911	397186	1	330
contig_1	397196	398014	1	331
contig_1	398037	399122	1	332
contig_1	399132	401246	1	333
contig_1	401279	402673	1	334
contig_1	402703	403620	1	335
contig_1	403648	404466	1	336
contig_1	404494	404898	1	337
contig_1	404946	405413	1	338
contig_1	405410	406018	1	339
contig_1	406193	407407	1	340
contig_1	407435	408685	1	341
contig_1	408793	410724	1	342
contig_1	410742	412028	-1	343
contig_1	412040	412603	-1	344
contig_1	412630	414012	-1	345
contig_1	414039	414824	-1	346
contig_1	415090	415410	1	347
contig_1	415426	416775	-1	348
contig_1	417292	417972	-1	349
contig_1	417948	418988	-1	350
contig_1	419145	420236	1	351
contig_1	420217	420948	1	352
contig_1	421045	421839	1	353
contig_1	421852	422802	-1	354
contig_1	422827	423753	-1	355
contig_1	423807	424178	-1	356
contig_1	424272	426029	1	357
contig_1	426058	426393	-1	358
contig_1	426577	428454	-1	359
contig_1	428956	429279	1	360
contig_1	429379	429645	1	361
contig_1	429856	430908	1	362
contig_1	430905	431378	1	363
contig_1	431387	431896	1	364
contig_1	431908	432639	1	365
contig_1	432845	433258	1	366
contig_1	433255	434628	-1	367
contig_1	434645	435376	-1	368
contig_1	435373	436095	-1	369
contig_1	436100	436732	-1	370
contig_1	436726	437304	-1	371
contig_1	437301	438659	-1	372
contig_1	438875	439651	1	373
contig_1	439664	440395	-1	374
contig_1	440406	441332	-1	375
contig_1	441414	442340	-1	376
contig_1	442344	445295	-1	377
contig_1	445355	446920	-1	378
contig_1	446950	448728	-1	379
contig_1	448762	450045	-1	380
contig_1	450059	450814	-1	381
contig_1	450851	452152	-1	382
contig_1	452243	453157	1	383
contig_1	454885	455124	1	384
contig_1	455640	456218	-1	385
contig_1	457744	458064	1	386
contig_1	459004	459402	-1	387
contig_1	459520	460647	-1	388
contig_1	460637	461098	-1	389
contig_1	461291	462076	1	390
contig_1	462045	463106	-1	391
contig_1	463410	463853	1	392
contig_1	463881	464276	1	393
contig_1	464528	465313	-1	394
contig_1	465319	466119	-1	395
contig_1	466100	467080	-1	396
contig_1	467082	469151	-1	397
contig_1	469227	470816	-1	398
contig_1	470850	471734	1	399
contig_1	471907	472758	1	400
contig_1	472828	473793	1	401
contig_1	473880	474251	1	402
contig_1	474257	474976	1	403
contig_1	474973	476052	1	404
contig_1	476105	476911	1	405
contig_1	477179	477829	1	406
contig_1	477833	478285	1	407
contig_1	478939	480276	1	408
contig_1	480285	480785	1	409
contig_1	481551	481979	1	410
contig_1	481995	483929	-1	411
contig_1	483932	484462	-1	412
contig_1	484491	484985	-1	413
contig_1	485121	485801	-1	414
contig_1	486596	488509	-1	415
contig_1	488782	489450	1	416
contig_1	489481	490164	1	417
contig_1	490164	491231	1	418
contig_1	491248	492612	-1	419
contig_1	492720	493637	1	420
contig_1	493699	494622	-1	421
contig_1	494857	495819	-1	422
contig_1	495852	496055	-1	423
contig_1	496052	496867	-1	424
contig_1	496889	497710	-1	425
contig_1	497864	498529	-1	426
contig_1	498548	499108	-1	427
contig_1	499250	500224	-1	428
contig_1	500301	500798	-1	429
contig_1	500866	501018	-1	430
contig_1	501206	502153	1	431
contig_1	502186	503103	1	432
contig_1	503235	503651	1	433
contig_1	503689	504309	1	434
contig_1	504432	504818	1	435
contig_1	504844	506019	1	436
contig_1	506112	507899	1	437
contig_1	507789	508631	-1	438
contig_1	508591	509463	-1	439
contig_1	509640	510530	1	440
contig_1	510717	512420	1	441
contig_1	512428	513903	-1	442
contig_1	514061	515077	-1	443
contig_1	515225	515527	1	444
contig_1	515524	518790	1	445
contig_1	518830	520758	1	446
contig_1	520755	521864	-1	447
contig_1	522265	523272	1	448
contig_1	523481	527602	1	449
contig_1	527629	529539	1	450
contig_1	529584	529814	1	451
contig_1	529964	530374	1	452
contig_1	530662	532236	1	453
contig_1	532348	533901	1	454
contig_1	534241	534651	1	455
contig_1	534702	535283	1	456
contig_1	535388	536302	1	457
contig_1	536382	538724	-1	458
contig_1	538830	539273	1	459
contig_1	539281	540474	-1	460
contig_1	540491	542869	-1	461
contig_1	543026	543385	-1	462
contig_1	543465	547127	-1	463
contig_1	547160	547759	-1	464
contig_1	547859	548896	-1	465
contig_1	548893	549462	-1	466
contig_1	549486	550364	-1	467
contig_1	550456	550983	-1	468
contig_1	551699	553273	1	469
contig_1	553406	553927	1	470
contig_1	554017	554844	1	471
contig_1	554987	555400	-1	472
contig_1	555414	556370	-1	473
contig_1	556367	557254	-1	474
contig_1	557275	559350	-1	475
contig_1	559389	559817	-1	476
contig_1	560041	560991	1	477
contig_1	561000	562214	-1	478
contig_1	562460	563107	-1	479
contig_1	563328	564509	1	480
contig_1	564517	565329	1	481
contig_1	565474	566190	1	482
contig_1	566198	567568	1	483
contig_1	567618	569669	1	484
contig_1	569666	571018	-1	485
contig_1	571040	572500	-1	486
contig_1	572529	573263	-1	487
contig_1	573341	575152	-1	488
contig_1	575304	576050	-1	489
contig_1	576047	576607	-1	490
contig_1	576604	576963	-1	491
contig_1	577071	578060	1	492
contig_1	578165	579505	1	493
contig_1	579551	580567	1	494
contig_1	580718	583783	1	495
contig_1	583841	584878	1	496
contig_1	585108	586553	1	497
contig_1	586574	587611	1	498
contig_1	587614	588027	-1	499
contig_1	588178	589371	1	500
contig_1	589377	590255	-1	501
contig_1	590373	590747	-1	502
contig_1	590790	592310	-1	503
contig_1	592374	593051	-1	504
contig_1	593166	595025	1	505
contig_1	595039	595290	-1	506
contig_1	595493	596164	1	507
contig_1	596181	596957	-1	508
contig_1	596957	598153	-1	509
contig_1	598163	598420	-1	510
contig_1	598704	599735	-1	511
contig_1	599812	601014	-1	512
contig_1	601263	603410	1	513
contig_1	603412	604656	1	514
contig_1	604673	605773	1	515
contig_1	605917	606666	1	516
contig_1	606641	607477	1	517
contig_1	607487	608278	1	518
contig_1	608330	609214	1	519
contig_1	609220	610440	-1	520
contig_1	610612	611685	-1	521
contig_1	612051	612833	1	522
contig_1	612854	613675	1	523
contig_1	613696	614904	1	524
contig_1	614884	616419	-1	525
contig_1	616448	618055	-1	526
contig_1	618288	619235	1	527
contig_1	619255	620094	1	528
contig_1	620072	620782	1	529
contig_1	620813	622069	1	530
contig_1	622285	624645	1	531
contig_1	624763	625545	1	532
contig_1	625744	627180	1	533
contig_1	627186	628640	-1	534
contig_1	628694	629788	-1	535
contig_1	629901	631253	1	536
contig_1	631348	633387	1	537
contig_1	633398	634012	-1	538
contig_1	634191	635144	-1	539
contig_1	635141	635830	-1	540
contig_1	635904	637622	-1	541
contig_1	637643	638341	-1	542
contig_1	638490	640130	-1	543
contig_1	640416	640673	1	544
contig_1	640677	641831	-1	545
contig_1	642048	642299	1	546
contig_1	642423	642878	1	547
contig_1	642875	644161	1	548
contig_1	644453	645757	1	549
contig_1	645906	646394	1	550
contig_1	646435	647091	1	551
contig_1	647126	648763	1	552
contig_1	648899	649438	-1	553
contig_1	649445	649993	-1	554
contig_1	650478	650963	1	555
contig_1	651013	651795	-1	556
contig_1	651878	654556	-1	557
contig_1	654712	655290	1	558
contig_1	655377	656432	1	559
contig_1	656436	657077	1	560
contig_1	657104	658054	1	561
contig_1	658040	659056	-1	562
contig_1	659080	661536	-1	563
contig_1	661520	665053	-1	564
contig_1	665093	666112	-1	565
contig_1	666208	667176	1	566
contig_1	667193	667711	1	567
contig_1	667732	668244	-1	568
contig_1	668865	670439	1	569
contig_1	670429	671358	1	570
contig_1	671457	672926	1	571
contig_1	672952	673533	-1	572
contig_1	673533	674615	-1	573
contig_1	674612	675538	-1	574
contig_1	675531	676019	-1	575
contig_1	676035	676232	-1	576
contig_1	676478	676933	-1	577
contig_1	677172	677444	-1	578
contig_1	677453	678274	-1	579
contig_1	678392	679291	1	580
contig_1	679408	680556	1	581
contig_1	680660	681496	1	582
contig_1	681612	683156	1	583
contig_1	683161	684084	-1	584
contig_1	684165	685046	-1	585
contig_1	685595	686551	-1	586
contig_1	686613	687509	-1	587
contig_1	687851	688756	-1	588
contig_1	688784	689716	-1	589
contig_1	689850	690920	-1	590
contig_1	691043	691654	1	591
contig_1	691668	691835	-1	592
contig_1	691969	693636	-1	593
contig_1	693711	694409	-1	594
contig_1	694406	695563	-1	595
contig_1	695568	696665	-1	596
contig_1	696698	697573	-1	597
contig_1	697590	698609	-1	598
contig_1	698772	699284	1	599
contig_1	699525	700712	1	600
contig_1	700879	701976	-1	601
contig_1	701966	702505	-1	602
contig_1	702797	703345	-1	603
contig_1	703338	704054	-1	604
contig_1	704072	704599	-1	605
contig_1	704641	708246	-1	606
contig_1	708264	709526	-1	607
contig_1	709644	710309	1	608
contig_1	710428	711255	1	609
contig_1	711446	713089	1	610
contig_1	713102	714136	1	611
contig_1	714167	715171	1	612
contig_1	715173	715979	1	613
contig_1	716055	716558	1	614
contig_1	716555	718033	-1	615
contig_1	718170	719993	-1	616
contig_1	719990	720544	-1	617
contig_1	720752	720901	-1	618
contig_1	721565	722032	1	619
contig_1	722041	723048	1	620
contig_1	723052	723816	-1	621
contig_1	723876	724529	-1	622
contig_1	724545	724859	-1	623
contig_1	724885	725367	-1	624
contig_1	725386	726147	1	625
contig_1	726149	726649	-1	626
contig_1	726875	727123	-1	627
contig_1	727230	728129	-1	628
contig_1	728135	728614	-1	629
contig_1	728586	728942	-1	630
contig_1	729047	729928	-1	631
contig_1	729958	730284	-1	632
contig_1	730383	731261	-1	633
contig_1	731379	731822	-1	634
contig_1	731965	733380	-1	635
contig_1	733396	734277	-1	636
contig_1	734287	735138	-1	637
contig_1	735547	736716	1	638
contig_1	736718	737848	-1	639
contig_1	738036	738728	-1	640
contig_1	738966	740840	1	641
contig_1	740842	741894	-1	642
contig_1	741866	742903	-1	643
contig_1	742903	744108	-1	644
contig_1	744112	745122	-1	645
contig_1	745137	746450	-1	646
contig_1	746469	747572	-1	647
contig_1	747777	748394	1	648
contig_1	748397	749035	1	649
contig_1	749045	750769	-1	650
contig_1	751000	751233	-1	651
contig_1	751417	752115	1	652
contig_1	752126	752872	-1	653
contig_1	753162	754724	1	654
contig_1	754721	754879	1	655
contig_1	754966	755172	-1	656
contig_1	755337	759725	-1	657
contig_1	759890	761107	1	658
contig_1	761104	762276	1	659
contig_1	762276	763550	1	660
contig_1	763557	763853	1	661
contig_1	763901	764536	1	662
contig_1	764541	765506	1	663
contig_1	765511	765897	-1	664
contig_1	766014	768251	-1	665
contig_1	768366	768737	-1	666
contig_1	769258	769896	-1	667
contig_1	770300	770506	1	668
contig_1	770518	770949	1	669
contig_1	770946	771050	1	670
contig_1	771180	771326	1	671
contig_1	771371	772261	1	672
contig_1	772264	774927	-1	673
contig_1	774947	775567	-1	674
contig_1	775621	775869	-1	675
contig_1	776211	778112	1	676
contig_1	778437	779006	1	677
contig_1	779003	779311	-1	678
contig_1	779324	780034	-1	679
contig_1	780024	780485	-1	680
contig_1	780536	781879	-1	681
contig_1	781972	782658	1	682
contig_1	782655	784004	1	683
contig_1	784001	784321	1	684
contig_1	784323	785996	1	685
contig_1	786174	786614	1	686
contig_1	786611	787396	-1	687
contig_1	787795	788322	1	688
contig_1	788397	789518	1	689
contig_1	789568	790080	1	690
contig_1	790087	790812	-1	691
contig_1	790970	791842	1	692
contig_1	791846	793210	-1	693
contig_1	793335	794345	-1	694
contig_1	794363	796450	1	695
contig_1	796455	797867	1	696
contig_1	797888	798367	1	697
contig_1	798521	799654	1	698
contig_1	799675	800772	1	699
contig_1	800753	802048	1	700
contig_1	802051	802827	1	701
contig_1	802858	803691	1	702
contig_1	803688	804509	1	703
contig_1	804709	805185	-1	704
contig_1	805233	806597	1	705
contig_1	806569	807525	-1	706
contig_1	807928	809499	1	707
contig_1	809569	809955	1	708
contig_1	810036	810980	-1	709
contig_1	811045	811836	-1	710
contig_1	812104	814050	1	711
contig_1	814084	814575	1	712
contig_1	815069	815449	1	713
contig_1	815816	816055	1	714
contig_1	816101	816292	1	715
contig_1	816273	816500	1	716
contig_1	816672	816815	1	717
contig_1	816847	817704	1	718
contig_1	817768	818982	1	719
contig_1	819598	820596	-1	720
contig_1	820703	821806	1	721
contig_1	821982	824228	1	722
contig_1	824265	825359	1	723
contig_1	825356	825787	1	724
contig_1	825818	826255	1	725
contig_1	826273	826608	1	726
contig_1	826660	828267	1	727
contig_1	828264	828698	-1	728
contig_1	829025	829555	1	729
contig_1	829571	831058	1	730
contig_1	831074	831634	1	731
contig_1	831675	832088	1	732
contig_1	832072	833820	1	733
contig_1	833817	834590	1	734
contig_1	834601	835683	1	735
contig_1	835714	836118	1	736
contig_1	836509	837405	-1	737
contig_1	837466	837894	-1	738
contig_1	838060	838953	1	739
contig_1	839183	840847	-1	740
contig_1	840844	844725	-1	741
contig_1	844751	845503	-1	742
contig_1	845500	846855	-1	743
contig_1	846870	847451	-1	744
contig_1	847457	848077	-1	745
contig_1	848448	849926	1	746
contig_1	850050	851021	1	747
contig_1	851025	853553	1	748
contig_1	853550	854734	1	749
contig_1	854832	855161	1	750
contig_1	855345	856409	-1	751
contig_1	856477	857529	-1	752
contig_1	857545	859488	-1	753
contig_1	859599	861353	1	754
contig_1	861413	862303	1	755
contig_1	862384	863379	1	756
contig_1	863407	864417	1	757
contig_1	864414	865376	-1	758
contig_1	865373	865831	-1	759
contig_1	865936	868263	1	760
contig_1	868260	869459	1	761
contig_1	869490	870890	-1	762
contig_1	871083	872066	1	763
contig_1	872063	873643	-1	764
contig_1	873893	875377	-1	765
contig_1	875612	876802	-1	766
contig_1	876807	877547	-1	767
contig_1	877563	879092	-1	768
contig_1	879235	880167	-1	769
contig_1	880507	881355	-1	770
contig_1	881443	881682	-1	771
contig_1	881779	881973	-1	772
contig_1	882421	885087	1	773
contig_1	885303	886631	1	774
contig_1	886861	887202	1	775
contig_1	887204	889111	1	776
contig_1	889123	889302	1	777
contig_1	889364	890764	1	778
contig_1	890756	891337	-1	779
contig_1	891388	891798	-1	780
contig_1	892064	893917	-1	781
contig_1	894156	894428	1	782
contig_1	894525	895238	1	783
contig_1	895293	895607	-1	784
contig_1	896022	896681	-1	785
contig_1	896847	897617	1	786
contig_1	897620	898516	1	787
contig_1	898548	899702	1	788
contig_1	899731	901092	1	789
contig_1	901141	901812	-1	790
contig_1	901935	902276	1	791
contig_1	902294	903775	1	792
contig_1	903805	905304	1	793
contig_1	905735	906142	-1	794
contig_1	906169	906573	-1	795
contig_1	906719	907690	-1	796
contig_1	907694	908554	-1	797
contig_1	908648	909115	1	798
contig_1	909175	910845	-1	799
contig_1	910846	911925	-1	800
contig_1	911961	913598	-1	801
contig_1	913766	914392	1	802
contig_1	914479	915039	1	803
contig_1	915045	915830	-1	804
contig_1	915855	916343	-1	805
contig_1	916420	916857	-1	806
contig_1	916833	917576	-1	807
contig_1	917583	918785	-1	808
contig_1	918776	919528	-1	809
contig_1	919512	920183	-1	810
contig_1	920155	920955	-1	811
contig_1	920986	921444	-1	812
contig_1	921498	922727	-1	813
contig_1	922729	924546	-1	814
contig_1	924565	926916	-1	815
contig_1	926913	927854	-1	816
contig_1	927851	928780	-1	817
contig_1	928807	930426	-1	818
contig_1	930597	932471	1	819
contig_1	932645	934102	1	820
contig_1	934547	935704	1	821
contig_1	935768	936013	-1	822
contig_1	936136	939096	-1	823
contig_1	939166	940995	-1	824
contig_1	941087	942208	-1	825
contig_1	942622	943533	1	826
contig_1	943742	944710	1	827
contig_1	944736	945713	1	828
contig_1	945737	946996	1	829
contig_1	947086	948192	1	830
contig_1	948189	948644	1	831
contig_1	948665	949693	1	832
contig_1	949784	950653	1	833
contig_1	950674	952896	1	834
contig_1	952897	954222	-1	835
contig_1	954224	955735	-1	836
contig_1	955861	957360	-1	837
contig_1	957376	958875	-1	838
contig_1	959023	960180	1	839
contig_1	960220	960654	1	840
contig_1	960743	962536	1	841
contig_1	962545	963615	1	842
contig_1	963605	965386	1	843
contig_1	965487	966629	1	844
contig_1	966630	968120	-1	845
contig_1	968135	969391	-1	846
contig_1	969496	970827	-1	847
contig_1	970841	972124	-1	848
contig_1	972227	972820	1	849
contig_1	973335	974369	1	850
contig_1	974355	976442	-1	851
contig_1	976611	977516	1	852
contig_1	977482	979497	-1	853
contig_1	979586	980071	1	854
contig_1	980194	981756	1	855
contig_1	981760	982698	1	856
contig_1	982690	983040	-1	857
contig_1	983188	984264	1	858
contig_1	984251	985453	1	859
contig_1	985450	985713	-1	860
contig_1	985751	986482	-1	861
contig_1	986726	987670	-1	862
contig_1	987763	988503	-1	863
contig_1	988493	989155	-1	864
contig_1	989160	990149	-1	865
contig_1	990151	990924	1	866
contig_1	990921	991997	1	867
contig_1	992004	992492	-1	868
contig_1	992642	993388	1	869
contig_1	993396	994370	-1	870
contig_1	994367	995332	-1	871
contig_1	995350	996276	-1	872
contig_1	996292	997212	-1	873
contig_1	997305	998951	-1	874
contig_1	999188	999841	-1	875
contig_1	1000045	1003551	-1	876
contig_1	1003555	1003845	-1	877
contig_1	1003880	1005754	-1	878
contig_1	1005850	1006575	-1	879
contig_1	1006541	1007506	-1	880
contig_1	1007592	1009841	1	881
contig_1	1009864	1010661	1	882
contig_1	1010662	1011954	1	883
contig_1	1011954	1012625	1	884
contig_1	1012622	1013341	-1	885
contig_1	1013658	1014845	-1	886
contig_1	1015275	1016516	1	887
contig_1	1016659	1017228	1	888
contig_1	1017261	1018010	1	889
contig_1	1018039	1019487	1	890
contig_1	1019492	1020775	1	891
contig_1	1020793	1021128	1	892
contig_1	1021158	1021655	1	893
contig_1	1022021	1022668	1	894
contig_1	1022730	1023608	1	895
contig_1	1023976	1024515	1	896
contig_1	1025062	1025994	-1	897
contig_1	1026140	1028035	1	898
contig_1	1028200	1028598	1	899
contig_1	1028713	1029483	-1	900
contig_1	1029480	1029884	-1	901
contig_1	1030055	1031494	-1	902
contig_1	1032183	1032587	1	903
contig_1	1032649	1033782	-1	904
contig_1	1034018	1034293	-1	905
contig_1	1034274	1035494	-1	906
contig_1	1035711	1036565	1	907
contig_1	1036575	1038125	1	908
contig_1	1038128	1039459	-1	909
contig_1	1039583	1040551	-1	910
contig_1	1040529	1041125	-1	911
contig_1	1041145	1043466	-1	912
contig_1	1043480	1044271	-1	913
contig_1	1044252	1045454	-1	914
contig_1	1045467	1045979	-1	915
contig_1	1045969	1047444	-1	916
contig_1	1047414	1049954	-1	917
contig_1	1049947	1050753	-1	918
contig_1	1050750	1052360	-1	919
contig_1	1052674	1054521	1	920
contig_1	1054852	1055226	-1	921
contig_1	1055383	1056021	-1	922
contig_1	1056051	1058129	-1	923
contig_1	1058136	1058579	-1	924
contig_1	1058745	1059467	1	925
contig_1	1059629	1060597	1	926
contig_1	1060659	1061372	-1	927
contig_1	1061429	1062844	-1	928
contig_1	1062862	1063461	-1	929
contig_1	1063606	1064721	1	930
contig_1	1064764	1066395	1	931
contig_1	1066395	1067315	1	932
contig_1	1067316	1067855	-1	933
contig_1	1068059	1069174	-1	934
contig_1	1069513	1070190	-1	935
contig_1	1070464	1071033	-1	936
contig_1	1071059	1071622	-1	937
contig_1	1072130	1072378	1	938
contig_1	1072426	1073430	1	939
contig_1	1073494	1073781	1	940
contig_1	1073801	1074253	1	941
contig_1	1074275	1074493	1	942
contig_1	1074537	1074680	1	943
contig_1	1074753	1076372	-1	944
contig_1	1076523	1077671	1	945
contig_1	1077707	1082626	1	946
contig_1	1083133	1083612	1	947
contig_1	1083795	1085675	1	948
contig_1	1085711	1086655	1	949
contig_1	1086735	1090619	1	950
contig_1	1090686	1091930	-1	951
contig_1	1091923	1092759	-1	952
contig_1	1092972	1093970	1	953
contig_1	1093981	1095225	1	954
contig_1	1095229	1096572	1	955
contig_1	1096569	1097027	1	956
contig_1	1097024	1097602	1	957
contig_1	1097571	1098989	1	958
contig_1	1099032	1100705	1	959
contig_1	1100817	1102118	1	960
contig_1	1102134	1105280	-1	961
contig_1	1105655	1106353	1	962
contig_1	1106367	1106858	1	963
contig_1	1106937	1107737	1	964
contig_1	1107730	1108410	1	965
contig_1	1108582	1109880	1	966
contig_1	1109995	1110243	1	967
contig_1	1110302	1113436	-1	968
contig_1	1113617	1114288	1	969
contig_1	1114451	1115059	1	970
contig_1	1115165	1116199	1	971
contig_1	1116224	1117135	-1	972
contig_1	1117196	1119118	-1	973
contig_1	1119332	1119811	1	974
contig_1	1119822	1120058	-1	975
contig_1	1120155	1123001	-1	976
contig_1	1123091	1124401	1	977
contig_1	1124407	1125087	1	978
contig_1	1125060	1125866	1	979
contig_1	1125871	1126572	-1	980
contig_1	1126667	1127644	-1	981
contig_1	1127689	1127943	-1	982
contig_1	1128074	1128379	-1	983
contig_1	1128403	1129989	-1	984
contig_1	1130006	1131460	-1	985
contig_1	1131465	1133615	-1	986
contig_1	1133633	1134535	-1	987
contig_1	1134566	1135996	-1	988
contig_1	1136130	1137110	-1	989
contig_1	1137215	1137991	-1	990
contig_1	1138301	1139017	-1	991
contig_1	1139101	1140723	-1	992
contig_1	1140739	1142562	-1	993
contig_1	1142552	1144627	-1	994
contig_1	1144660	1145751	1	995
contig_1	1145769	1146611	1	996
contig_1	1146632	1147546	1	997
contig_1	1147566	1149185	-1	998
contig_1	1149625	1151220	1	999
contig_1	1151217	1153349	-1	1000
contig_1	1153381	1153965	-1	1001
contig_1	1154121	1155779	1	1002
contig_1	1155783	1156526	-1	1003
contig_1	1156554	1157792	-1	1004
contig_1	1157982	1158503	-1	1005
contig_1	1158514	1159425	-1	1006
contig_1	1159545	1160939	1	1007
contig_1	1160936	1161316	-1	1008
contig_1	1161593	1163023	-1	1009
contig_1	1163020	1165599	-1	1010
contig_1	1165596	1167389	-1	1011
contig_1	1167490	1167978	1	1012
contig_1	1168134	1169639	1	1013
contig_1	1169640	1174778	-1	1014
contig_1	1175127	1176020	1	1015
contig_1	1176031	1177131	-1	1016
contig_1	1177109	1177363	-1	1017
contig_1	1177470	1178261	1	1018
contig_1	1178265	1179611	1	1019
contig_1	1179615	1180709	1	1020
contig_1	1180713	1181630	1	1021
contig_1	1181773	1182780	1	1022
contig_1	1182819	1183898	-1	1023
contig_1	1184123	1184578	1	1024
contig_1	1184624	1185691	1	1025
contig_1	1185720	1187213	1	1026
contig_1	1187245	1188339	1	1027
contig_1	1188434	1189021	1	1028
contig_1	1189018	1189692	-1	1029
contig_1	1189724	1190620	-1	1030
contig_1	1190850	1192442	1	1031
contig_1	1192630	1194231	1	1032
contig_1	1194329	1196182	1	1033
contig_1	1196216	1197301	1	1034
contig_1	1197195	1198490	-1	1035
contig_1	1198950	1200047	1	1036
contig_1	1200059	1200556	1	1037
contig_1	1200577	1201761	1	1038
contig_1	1201860	1202141	1	1039
contig_1	1202080	1202475	1	1040
contig_1	1202623	1205430	1	1041
contig_1	1205541	1206842	1	1042
contig_1	1206859	1207407	-1	1043
contig_1	1207379	1208725	-1	1044
contig_1	1208928	1209419	1	1045
contig_1	1209433	1210062	-1	1046
contig_1	1210059	1210730	-1	1047
contig_1	1210852	1212255	1	1048
contig_1	1212305	1213609	1	1049
contig_1	1213669	1214703	1	1050
contig_1	1214739	1216514	-1	1051
contig_1	1216667	1218049	-1	1052
contig_1	1218073	1219485	-1	1053
contig_1	1219500	1220660	-1	1054
contig_1	1220780	1222501	-1	1055
contig_1	1222604	1223536	1	1056
contig_1	1223558	1224238	1	1057
contig_1	1224262	1226481	1	1058
contig_1	1226481	1226990	1	1059
contig_1	1226973	1227581	-1	1060
contig_1	1227686	1228351	-1	1061
contig_1	1228602	1229498	1	1062
contig_1	1229563	1230012	1	1063
contig_1	1230020	1230352	1	1064
contig_1	1230370	1231128	1	1065
contig_1	1231294	1232913	1	1066
contig_1	1232910	1233836	-1	1067
contig_1	1233953	1234744	-1	1068
contig_1	1234900	1235736	-1	1069
contig_1	1235901	1237187	-1	1070
contig_1	1237474	1238166	-1	1071
contig_1	1238186	1238617	-1	1072
contig_1	1238636	1240675	-1	1073
contig_1	1240672	1243275	-1	1074
contig_1	1243275	1244135	-1	1075
contig_1	1244262	1245584	1	1076
contig_1	1245622	1246596	1	1077
contig_1	1246604	1247269	-1	1078
contig_1	1247420	1247932	1	1079
contig_1	1247929	1248606	-1	1080
contig_1	1248634	1249470	-1	1081
contig_1	1249513	1250469	-1	1082
contig_1	1250820	1251593	-1	1083
contig_1	1251786	1252787	-1	1084
contig_1	1252769	1254691	-1	1085
contig_1	1254760	1255248	-1	1086
contig_1	1255567	1256112	-1	1087
contig_1	1256142	1257155	-1	1088
contig_1	1257383	1257991	1	1089
contig_1	1258004	1259386	1	1090
contig_1	1259555	1261999	1	1091
contig_1	1262040	1263761	-1	1092
contig_1	1264038	1265072	1	1093
contig_1	1265097	1267130	1	1094
contig_1	1267131	1267958	1	1095
contig_1	1268044	1269135	1	1096
contig_1	1269265	1270260	1	1097
contig_1	1270263	1270505	1	1098
contig_1	1270499	1272205	1	1099
contig_1	1272226	1273059	-1	1100
contig_1	1273215	1274618	1	1101
contig_1	1274628	1276166	-1	1102
contig_1	1276376	1279405	-1	1103
contig_1	1279431	1280540	-1	1104
contig_1	1280696	1283539	-1	1105
contig_1	1283635	1285038	-1	1106
contig_1	1285043	1286830	-1	1107
contig_1	1286928	1287884	-1	1108
contig_1	1288042	1288221	-1	1109
contig_1	1288461	1288691	-1	1110
contig_1	1288949	1291576	1	1111
contig_1	1291641	1292891	1	1112
contig_1	1292888	1294087	-1	1113
contig_1	1294176	1294856	1	1114
contig_1	1294884	1295399	1	1115
contig_1	1295371	1296180	1	1116
contig_1	1296185	1296601	-1	1117
contig_1	1296738	1297559	1	1118
contig_1	1297569	1299053	1	1119
contig_1	1299169	1301211	1	1120
contig_1	1301386	1302744	1	1121
contig_1	1302778	1303776	1	1122
contig_1	1303901	1304866	1	1123
contig_1	1304876	1306777	-1	1124
contig_1	1307045	1307518	1	1125
contig_1	1307629	1307958	1	1126
contig_1	1308183	1308386	1	1127
contig_1	1308436	1309032	1	1128
contig_1	1309059	1309862	1	1129
contig_1	1309857	1311131	-1	1130
contig_1	1311246	1311869	1	1131
contig_1	1311793	1313019	-1	1132
contig_1	1313056	1313988	-1	1133
contig_1	1314147	1315241	1	1134
contig_1	1315280	1315816	1	1135
contig_1	1315855	1316712	1	1136
contig_1	1316751	1318142	1	1137
contig_1	1318163	1319260	1	1138
contig_1	1319263	1320519	1	1139
contig_1	1320643	1321197	1	1140
contig_1	1321200	1322081	-1	1141
contig_1	1322287	1323069	1	1142
contig_1	1323093	1323791	1	1143
contig_1	1323815	1324315	1	1144
contig_1	1324307	1325464	-1	1145
contig_1	1325619	1329242	-1	1146
contig_1	1329585	1331192	1	1147
contig_1	1331219	1333123	1	1148
contig_1	1333120	1333938	1	1149
contig_1	1333940	1335979	1	1150
contig_1	1336069	1337220	1	1151
contig_1	1337327	1338244	1	1152
contig_1	1338267	1340102	1	1153
contig_1	1340184	1342250	1	1154
contig_1	1342297	1343400	1	1155
contig_1	1343403	1344941	1	1156
contig_1	1344950	1345342	-1	1157
contig_1	1345522	1345692	1	1158
contig_1	1346186	1347739	1	1159
contig_1	1347830	1348432	-1	1160
contig_1	1348538	1348951	1	1161
contig_1	1348923	1349705	-1	1162
contig_1	1349725	1350183	1	1163
contig_1	1350194	1352335	1	1164
contig_1	1352377	1353405	1	1165
contig_1	1353447	1355474	1	1166
contig_1	1355471	1356202	-1	1167
contig_1	1356217	1356891	-1	1168
contig_1	1357050	1357523	-1	1169
contig_1	1357783	1358079	1	1170
contig_1	1358115	1359311	1	1171
contig_1	1359344	1361686	1	1172
contig_1	1361823	1361993	1	1173
contig_1	1361947	1363092	1	1174
contig_1	1363469	1365031	1	1175
contig_1	1365067	1365831	1	1176
contig_1	1365998	1366381	-1	1177
contig_1	1366694	1367428	-1	1178
contig_1	1367782	1369590	1	1179
contig_1	1369798	1370829	-1	1180
contig_1	1370844	1370975	-1	1181
contig_1	1371637	1372791	-1	1182
contig_1	1372952	1373590	-1	1183
contig_1	1374190	1375086	-1	1184
contig_1	1375325	1376149	-1	1185
contig_1	1377305	1377628	1	1186
contig_1	1377860	1378456	-1	1187
contig_1	1378472	1379182	-1	1188
contig_1	1379124	1380374	-1	1189
contig_1	1380371	1382221	-1	1190
contig_1	1382629	1382892	1	1191
contig_1	1382961	1383122	1	1192
contig_1	1383135	1383845	1	1193
contig_1	1384044	1384706	-1	1194
contig_1	1385015	1386001	1	1195
contig_1	1386542	1386898	1	1196
contig_1	1387016	1389217	1	1197
contig_1	1389258	1390907	-1	1198
contig_1	1391168	1391647	1	1199
contig_1	1391580	1391822	-1	1200
contig_1	1391966	1393456	1	1201
contig_1	1393463	1393963	-1	1202
contig_1	1394003	1394587	-1	1203
contig_1	1394614	1395954	-1	1204
contig_1	1395985	1396485	-1	1205
contig_1	1396719	1397294	-1	1206
contig_1	1397395	1397670	-1	1207
contig_1	1397745	1398728	-1	1208
contig_1	1398764	1401145	-1	1209
contig_1	1401534	1402619	-1	1210
contig_1	1402885	1403658	1	1211
contig_1	1403712	1405814	-1	1212
contig_1	1405945	1407150	-1	1213
contig_1	1407364	1408518	1	1214
contig_1	1408551	1409897	-1	1215
contig_1	1409925	1410569	-1	1216
contig_1	1410716	1411474	-1	1217
contig_1	1411857	1412597	1	1218
contig_1	1412623	1413444	1	1219
contig_1	1413504	1414217	1	1220
contig_1	1414218	1414919	1	1221
contig_1	1414916	1415653	-1	1222
contig_1	1415647	1415841	-1	1223
contig_1	1415838	1417043	-1	1224
contig_1	1417136	1417627	-1	1225
contig_1	1417624	1417932	-1	1226
contig_1	1417967	1420741	-1	1227
contig_1	1420816	1421061	-1	1228
contig_1	1421569	1422207	1	1229
contig_1	1422326	1423138	1	1230
contig_1	1423166	1423810	1	1231
contig_1	1423983	1425248	1	1232
contig_1	1425452	1426831	1	1233
contig_1	1426828	1427463	-1	1234
contig_1	1427460	1427729	-1	1235
contig_1	1428034	1428918	1	1236
contig_1	1428899	1431688	1	1237
contig_1	1431681	1435001	1	1238
contig_1	1435091	1436062	1	1239
contig_1	1436064	1436354	-1	1240
contig_1	1436468	1437094	1	1241
contig_1	1437087	1437542	1	1242
contig_1	1437557	1438012	-1	1243
contig_1	1438101	1439084	1	1244
contig_1	1439134	1440105	1	1245
contig_1	1440088	1440738	-1	1246
contig_1	1440918	1442660	1	1247
contig_1	1442657	1452985	-1	1248
contig_1	1453143	1454234	-1	1249
contig_1	1454494	1456176	1	1250
contig_1	1456342	1457049	1	1251
contig_1	1457075	1458085	1	1252
contig_1	1458109	1458861	-1	1253
contig_1	1458908	1459444	-1	1254
contig_1	1459591	1461411	1	1255
contig_1	1461411	1462274	1	1256
contig_1	1462538	1462948	1	1257
contig_1	1462999	1463580	1	1258
contig_1	1463616	1464005	1	1259
contig_1	1464056	1464637	1	1260
contig_1	1464645	1465004	1	1261
contig_1	1465174	1466181	1	1262
contig_1	1466224	1467711	1	1263
contig_1	1467761	1468741	1	1264
contig_1	1468728	1469915	-1	1265
contig_1	1469979	1470287	-1	1266
contig_1	1470559	1472061	1	1267
contig_1	1472067	1473029	-1	1268
contig_1	1473418	1475181	1	1269
contig_1	1475285	1476319	1	1270
contig_1	1476321	1476620	-1	1271
contig_1	1476785	1477789	1	1272
contig_1	1477861	1478865	1	1273
contig_1	1478862	1479827	1	1274
contig_1	1479838	1480698	-1	1275
contig_1	1480695	1481543	-1	1276
contig_1	1481543	1482463	-1	1277
contig_1	1482502	1483611	-1	1278
contig_1	1483897	1484565	1	1279
contig_1	1484575	1485567	1	1280
contig_1	1485706	1486458	1	1281
contig_1	1486549	1486839	-1	1282
contig_1	1487058	1488515	1	1283
contig_1	1488523	1491285	1	1284
contig_1	1491282	1492619	1	1285
contig_1	1492597	1494213	-1	1286
contig_1	1494300	1495466	-1	1287
contig_1	1495500	1496519	-1	1288
contig_1	1496592	1497587	-1	1289
contig_1	1497601	1499940	-1	1290
contig_1	1500106	1501758	1	1291
contig_1	1501871	1502128	1	1292
contig_1	1502176	1502880	1	1293
contig_1	1502977	1505064	1	1294
contig_1	1505077	1505622	1	1295
contig_1	1505658	1506425	1	1296
contig_1	1506340	1508103	-1	1297
contig_1	1508299	1508556	1	1298
contig_1	1508668	1509858	1	1299
contig_1	1509955	1510719	1	1300
contig_1	1510730	1512235	-1	1301
contig_1	1512293	1513423	1	1302
contig_1	1513384	1514001	1	1303
contig_1	1513998	1515107	-1	1304
contig_1	1515113	1516189	-1	1305
contig_1	1516329	1518236	1	1306
contig_1	1518211	1518732	1	1307
contig_1	1518712	1519686	-1	1308
contig_1	1519721	1521043	-1	1309
contig_1	1521080	1521505	-1	1310
contig_1	1521523	1522158	-1	1311
contig_1	1522193	1523446	-1	1312
contig_1	1523463	1524728	-1	1313
contig_1	1525006	1527600	1	1314
contig_1	1527900	1528604	1	1315
contig_1	1528601	1529104	1	1316
contig_1	1529760	1531547	1	1317
contig_1	1531557	1532264	-1	1318
contig_1	1532409	1534898	1	1319
contig_1	1535032	1535250	1	1320
contig_1	1535276	1536397	-1	1321
contig_1	1536473	1537993	-1	1322
contig_1	1537990	1538340	-1	1323
contig_1	1538309	1538920	-1	1324
contig_1	1538904	1541867	-1	1325
contig_1	1541983	1542585	1	1326
contig_1	1542612	1543334	1	1327
contig_1	1543331	1546930	-1	1328
contig_1	1547121	1548383	-1	1329
contig_1	1548443	1550569	-1	1330
contig_1	1550616	1551293	1	1331
contig_1	1551361	1551720	1	1332
contig_1	1551717	1552676	1	1333
contig_1	1552679	1553662	-1	1334
contig_1	1553665	1555767	-1	1335
contig_1	1555764	1555985	-1	1336
contig_1	1556117	1557010	-1	1337
contig_1	1557100	1558131	-1	1338
contig_1	1558250	1559176	1	1339
contig_1	1559181	1560146	1	1340
contig_1	1560249	1560659	1	1341
contig_1	1560667	1561518	-1	1342
contig_1	1561569	1563020	-1	1343
contig_1	1563017	1563556	-1	1344
contig_1	1563588	1564901	-1	1345
contig_1	1564894	1566561	-1	1346
contig_1	1566642	1568300	1	1347
contig_1	1568377	1570506	1	1348
contig_1	1570503	1571630	-1	1349
contig_1	1571702	1572373	1	1350
contig_1	1572567	1573343	1	1351
contig_1	1573355	1574467	-1	1352
contig_1	1574474	1575388	-1	1353
contig_1	1575399	1576340	-1	1354
contig_1	1576647	1578146	-1	1355
contig_1	1578164	1580653	-1	1356
contig_1	1580718	1581362	-1	1357
contig_1	1581513	1583594	1	1358
contig_1	1583591	1584619	-1	1359
contig_1	1584637	1585713	-1	1360
contig_1	1585748	1587985	-1	1361
contig_1	1588043	1588351	-1	1362
contig_1	1588369	1588938	-1	1363
contig_1	1588960	1589328	-1	1364
contig_1	1589476	1589820	1	1365
contig_1	1589833	1590435	1	1366
contig_1	1590459	1591490	-1	1367
contig_1	1591523	1591804	-1	1368
contig_1	1591948	1592772	1	1369
contig_1	1592797	1592985	1	1370
contig_1	1593254	1593985	1	1371
contig_1	1594086	1595465	-1	1372
contig_1	1595523	1597373	-1	1373
contig_1	1597506	1598483	1	1374
contig_1	1598610	1599638	1	1375
contig_1	1599819	1600712	-1	1376
contig_1	1600886	1601680	1	1377
contig_1	1601684	1602211	-1	1378
contig_1	1602491	1603072	-1	1379
contig_1	1603123	1603533	-1	1380
contig_1	1603637	1603936	-1	1381
contig_1	1604127	1604702	-1	1382
contig_1	1605022	1605549	-1	1383
contig_1	1605564	1606073	-1	1384
contig_1	1606265	1606837	-1	1385
contig_1	1607083	1608231	-1	1386
contig_1	1608329	1608577	-1	1387
contig_1	1608574	1608843	-1	1388
contig_1	1609105	1609530	1	1389
contig_1	1609598	1610869	-1	1390
contig_1	1611250	1613301	1	1391
contig_1	1613515	1615149	-1	1392
contig_1	1615663	1616181	-1	1393
contig_1	1616350	1616718	-1	1394
contig_1	1616805	1617311	-1	1395
contig_1	1617803	1618207	1	1396
contig_1	1618479	1619783	-1	1397
contig_1	1620156	1620323	-1	1398
contig_1	1620283	1621356	-1	1399
contig_1	1621394	1621765	-1	1400
contig_1	1622723	1624657	1	1401
contig_1	1624611	1625180	1	1402
contig_1	1625260	1626072	-1	1403
contig_1	1626050	1626343	-1	1404
contig_1	1626457	1626987	-1	1405
contig_1	1627046	1627480	-1	1406
contig_1	1627681	1628259	1	1407
contig_1	1628475	1629230	1	1408
contig_1	1629253	1629678	1	1409
contig_1	1630186	1630500	1	1410
contig_1	1631164	1631883	-1	1411
contig_1	1631916	1632509	-1	1412
contig_1	1632828	1633481	-1	1413
contig_1	1633703	1634056	-1	1414
contig_1	1634420	1634731	1	1415
contig_1	1634734	1634859	1	1416
contig_1	1635110	1635691	-1	1417
contig_1	1635742	1636152	-1	1418
contig_1	1636468	1637007	1	1419
contig_1	1637217	1638227	-1	1420
contig_1	1638241	1638825	-1	1421
contig_1	1638827	1639390	-1	1422
contig_1	1639808	1640317	1	1423
contig_1	1640681	1640923	1	1424
contig_1	1640945	1642102	-1	1425
contig_1	1642143	1642706	-1	1426
contig_1	1642703	1657927	-1	1427
contig_1	1657975	1659714	-1	1428
contig_1	1660932	1661738	1	1429
contig_1	1661746	1662699	-1	1430
contig_1	1662925	1663350	-1	1431
contig_1	1663354	1663917	-1	1432
contig_1	1664175	1664822	1	1433
contig_1	1664819	1665139	1	1434
contig_1	1665394	1666038	1	1435
contig_1	1666035	1666370	1	1436
contig_1	1666506	1667285	1	1437
contig_1	1667285	1667620	1	1438
contig_1	1667667	1667990	1	1439
contig_1	1668045	1668383	1	1440
contig_1	1668433	1668753	1	1441
contig_1	1668945	1669391	1	1442
contig_1	1669408	1669983	1	1443
contig_1	1670024	1671181	1	1444
contig_1	1671279	1671593	-1	1445
contig_1	1672265	1673524	1	1446
contig_1	1673526	1673879	1	1447
contig_1	1674207	1674377	1	1448
contig_1	1674377	1674709	1	1449
contig_1	1674737	1675060	1	1450
contig_1	1675173	1675532	1	1451
contig_1	1675582	1675902	1	1452
contig_1	1676091	1676567	1	1453
contig_1	1676564	1677160	1	1454
contig_1	1677201	1678361	1	1455
contig_1	1678353	1678934	-1	1456
contig_1	1678985	1679395	-1	1457
contig_1	1679654	1679968	-1	1458
contig_1	1679958	1680143	-1	1459
contig_1	1680628	1680981	1	1460
contig_1	1681132	1681452	1	1461
contig_1	1681630	1681797	1	1462
contig_1	1682247	1684958	-1	1463
contig_1	1685081	1686568	-1	1464
contig_1	1686599	1687681	-1	1465
contig_1	1687793	1689487	-1	1466
contig_1	1689741	1690142	-1	1467
contig_1	1690240	1691343	1	1468
contig_1	1691354	1692439	1	1469
contig_1	1692496	1693137	1	1470
contig_1	1693140	1693352	-1	1471
contig_1	1693458	1693859	-1	1472
contig_1	1694079	1695557	1	1473
contig_1	1695579	1696826	1	1474
contig_1	1696819	1698063	1	1475
contig_1	1698087	1698422	1	1476
contig_1	1698446	1700329	-1	1477
contig_1	1700506	1701237	-1	1478
contig_1	1701283	1703103	-1	1479
contig_1	1703073	1704404	-1	1480
contig_1	1704420	1705808	-1	1481
contig_1	1705851	1708325	-1	1482
contig_1	1708451	1709281	-1	1483
contig_1	1709278	1709934	-1	1484
contig_1	1710064	1710552	1	1485
contig_1	1710903	1711799	1	1486
contig_1	1711968	1712393	-1	1487
contig_1	1712608	1714434	-1	1488
contig_1	1714492	1716030	-1	1489
contig_1	1716164	1717642	-1	1490
contig_1	1717670	1718065	-1	1491
contig_1	1718108	1719031	1	1492
contig_1	1719053	1720105	1	1493
contig_1	1720108	1721490	1	1494
contig_1	1721679	1722554	1	1495
contig_1	1722686	1723768	1	1496
contig_1	1723801	1724550	1	1497
contig_1	1724650	1725159	1	1498
contig_1	1725179	1725451	1	1499
contig_1	1725483	1725800	1	1500
contig_1	1725887	1727284	1	1501
contig_1	1727382	1728578	-1	1502
contig_1	1728882	1729736	-1	1503
contig_1	1729739	1732552	-1	1504
contig_1	1732628	1734106	-1	1505
contig_1	1734110	1734958	-1	1506
contig_1	1735014	1735685	-1	1507
contig_1	1735708	1736628	-1	1508
contig_1	1736625	1737848	-1	1509
contig_1	1737845	1738531	-1	1510
contig_1	1738750	1739253	1	1511
contig_1	1739331	1740224	-1	1512
contig_1	1740367	1742286	1	1513
contig_1	1742406	1742687	1	1514
contig_1	1742684	1743778	1	1515
contig_1	1743805	1745253	-1	1516
contig_1	1745578	1748163	1	1517
contig_1	1748285	1748920	1	1518
contig_1	1748928	1749665	1	1519
contig_1	1749684	1750046	1	1520
contig_1	1750069	1751790	1	1521
contig_1	1751790	1752230	1	1522
contig_1	1752230	1753162	1	1523
contig_1	1753177	1753869	1	1524
contig_1	1753892	1754269	-1	1525
contig_1	1754266	1755030	-1	1526
contig_1	1755078	1755758	-1	1527
contig_1	1755985	1757025	-1	1528
contig_1	1757003	1758130	-1	1529
contig_1	1758114	1758911	-1	1530
contig_1	1758901	1759563	-1	1531
contig_1	1759564	1760394	-1	1532
contig_1	1760403	1762322	-1	1533
contig_1	1762583	1762879	1	1534
contig_1	1762894	1763712	1	1535
contig_1	1763714	1765165	1	1536
contig_1	1765167	1765838	1	1537
contig_1	1765840	1766397	1	1538
contig_1	1766419	1766913	1	1539
contig_1	1766910	1767941	-1	1540
contig_1	1768100	1769227	-1	1541
contig_1	1769231	1770325	-1	1542
contig_1	1770318	1770962	-1	1543
contig_1	1770952	1772112	-1	1544
contig_1	1772105	1773094	-1	1545
contig_1	1773187	1774497	-1	1546
contig_1	1774714	1775997	-1	1547
contig_1	1776233	1777420	1	1548
contig_1	1777428	1779626	-1	1549
contig_1	1779684	1780427	-1	1550
contig_1	1780449	1781873	-1	1551
contig_1	1782083	1782871	1	1552
contig_1	1783055	1784368	1	1553
contig_1	1784371	1784793	1	1554
contig_1	1784945	1785583	-1	1555
contig_1	1785723	1786820	-1	1556
contig_1	1786804	1787463	-1	1557
contig_1	1787450	1788094	-1	1558
contig_1	1788097	1789293	-1	1559
contig_1	1789333	1790211	-1	1560
contig_1	1790208	1792979	-1	1561
contig_1	1792998	1793384	-1	1562
contig_1	1793411	1794139	-1	1563
contig_1	1795040	1796875	-1	1564
contig_1	1797015	1797653	1	1565
contig_1	1797664	1798449	-1	1566
contig_1	1798464	1798631	-1	1567
contig_1	1798615	1798887	-1	1568
contig_1	1798956	1799384	-1	1569
contig_1	1799392	1799568	-1	1570
contig_1	1799731	1800990	1	1571
contig_1	1801086	1802354	1	1572
contig_1	1802451	1802918	1	1573
contig_1	1803243	1803434	1	1574
contig_1	1803574	1804914	-1	1575
contig_1	1805151	1805933	1	1576
contig_1	1805952	1807742	1	1577
contig_1	1807754	1808422	1	1578
contig_1	1808671	1809957	1	1579
contig_1	1810122	1811024	1	1580
contig_1	1811048	1812130	1	1581
contig_1	1812146	1814350	1	1582
contig_1	1814347	1814607	-1	1583
contig_1	1814701	1815639	1	1584
contig_1	1815727	1816356	1	1585
contig_1	1816410	1816766	1	1586
contig_1	1816779	1817132	1	1587
contig_1	1817138	1817998	1	1588
contig_1	1817995	1818837	1	1589
contig_1	1818832	1819854	-1	1590
contig_1	1820008	1820772	1	1591
contig_1	1820867	1821667	-1	1592
contig_1	1821724	1822932	-1	1593
contig_1	1823108	1824214	1	1594
contig_1	1824239	1825282	1	1595
contig_1	1825311	1827125	1	1596
contig_1	1827243	1828106	1	1597
contig_1	1828132	1828680	1	1598
contig_1	1828869	1829078	1	1599
contig_1	1829233	1829997	1	1600
contig_1	1830085	1832793	1	1601
contig_1	1832801	1833412	-1	1602
contig_1	1833444	1833632	-1	1603
contig_1	1833646	1834767	-1	1604
contig_1	1834775	1836784	-1	1605
contig_1	1836802	1837350	-1	1606
contig_1	1837343	1838242	-1	1607
contig_1	1838413	1839957	1	1608
contig_1	1839993	1840982	1	1609
contig_1	1841026	1841517	1	1610
contig_1	1841517	1842260	1	1611
contig_1	1842322	1843734	-1	1612
contig_1	1843942	1844484	-1	1613
contig_1	1844739	1844933	1	1614
contig_1	1844953	1845963	1	1615
contig_1	1846211	1847422	-1	1616
contig_1	1847529	1848503	-1	1617
contig_1	1848779	1850041	1	1618
contig_1	1850044	1851765	1	1619
contig_1	1851762	1853771	1	1620
contig_1	1853909	1854025	1	1621
contig_1	1854104	1855483	1	1622
contig_1	1855489	1856532	-1	1623
contig_1	1856789	1857130	1	1624
contig_1	1857145	1857480	-1	1625
contig_1	1857700	1859400	1	1626
contig_1	1859533	1862034	1	1627
contig_1	1862052	1863158	1	1628
contig_1	1863155	1865365	-1	1629
contig_1	1865661	1865828	-1	1630
contig_1	1865992	1866978	1	1631
contig_1	1867097	1868113	1	1632
contig_1	1868503	1868796	-1	1633
contig_1	1868845	1870413	-1	1634
contig_1	1870410	1871714	-1	1635
contig_1	1871783	1872538	1	1636
contig_1	1872551	1873291	1	1637
contig_1	1873639	1874052	1	1638
contig_1	1874052	1875218	1	1639
contig_1	1875344	1876078	1	1640
contig_1	1876145	1876405	1	1641
contig_1	1876713	1880057	1	1642
contig_1	1880683	1881024	-1	1643
contig_1	1881058	1881951	-1	1644
contig_1	1881957	1882325	-1	1645
contig_1	1882518	1884995	1	1646
contig_1	1885097	1887280	-1	1647
contig_1	1887553	1888527	-1	1648
contig_1	1888943	1890520	-1	1649
contig_1	1890773	1891138	1	1650
contig_1	1891142	1891444	-1	1651
contig_1	1891562	1893235	1	1652
contig_1	1893242	1893637	1	1653
contig_1	1893735	1894127	1	1654
contig_1	1894073	1894507	1	1655
contig_1	1894511	1895335	1	1656
contig_1	1895386	1896717	-1	1657
contig_1	1896745	1897503	-1	1658
contig_1	1897496	1899358	-1	1659
contig_1	1899510	1899836	1	1660
contig_1	1899988	1900338	1	1661
contig_1	1900350	1901231	-1	1662
contig_1	1901370	1902746	-1	1663
contig_1	1902786	1904135	-1	1664
contig_1	1904181	1906349	-1	1665
contig_1	1906770	1907183	1	1666
contig_1	1907344	1907817	1	1667
contig_1	1907926	1909155	-1	1668
contig_1	1909220	1910059	-1	1669
contig_1	1910060	1910683	-1	1670
contig_1	1910847	1911062	-1	1671
contig_1	1911040	1912242	-1	1672
contig_1	1912354	1912644	1	1673
contig_1	1912670	1913404	1	1674
contig_1	1913422	1914555	1	1675
contig_1	1914570	1915421	1	1676
contig_1	1915519	1916220	1	1677
contig_1	1916217	1917626	-1	1678
contig_1	1917678	1918649	-1	1679
contig_1	1918706	1919494	-1	1680
contig_1	1919750	1920595	1	1681
contig_1	1920604	1921287	1	1682
contig_1	1921284	1921703	-1	1683
contig_1	1921719	1922186	-1	1684
contig_1	1922505	1923437	1	1685
contig_1	1923440	1924333	-1	1686
contig_1	1924330	1925193	-1	1687
contig_1	1925271	1926023	1	1688
contig_1	1926028	1926582	-1	1689
contig_1	1926627	1927988	-1	1690
contig_1	1928209	1929390	1	1691
contig_1	1929394	1930533	1	1692
contig_1	1930530	1931588	-1	1693
contig_1	1931831	1932724	1	1694
contig_1	1932742	1933551	-1	1695
contig_1	1933613	1936312	-1	1696
contig_1	1936530	1937183	1	1697
contig_1	1937207	1937824	1	1698
contig_1	1937846	1938904	1	1699
contig_1	1938913	1940409	-1	1700
contig_1	1940458	1941231	-1	1701
contig_1	1941242	1942024	-1	1702
contig_1	1942027	1943130	-1	1703
contig_1	1943163	1944134	-1	1704
contig_1	1944138	1944371	-1	1705
contig_1	1944470	1946554	-1	1706
contig_1	1946598	1947683	-1	1707
contig_1	1947844	1949301	1	1708
contig_1	1949298	1950536	-1	1709
contig_1	1950899	1952416	-1	1710
contig_1	1952413	1952583	-1	1711
contig_1	1952640	1953023	-1	1712
contig_1	1953180	1954397	-1	1713
contig_1	1954446	1954739	-1	1714
contig_1	1954948	1956942	-1	1715
contig_1	1956950	1957291	-1	1716
contig_1	1957766	1958185	1	1717
contig_1	1958274	1959641	1	1718
contig_1	1959702	1960148	1	1719
contig_1	1960261	1961085	1	1720
contig_1	1961092	1962372	-1	1721
contig_1	1962369	1963130	-1	1722
contig_1	1963094	1964062	-1	1723
contig_1	1964159	1965424	1	1724
contig_1	1965421	1965570	1	1725
contig_1	1965572	1966231	1	1726
contig_1	1966277	1967509	1	1727
contig_1	1967530	1968783	-1	1728
contig_1	1968794	1969207	-1	1729
contig_1	1969377	1970528	-1	1730
contig_1	1970678	1971412	1	1731
contig_1	1971660	1972148	1	1732
contig_1	1972263	1972784	-1	1733
contig_1	1973230	1973577	1	1734
contig_1	1973668	1974861	1	1735
contig_1	1974858	1977980	1	1736
contig_1	1977977	1981045	1	1737
contig_1	1981035	1982444	1	1738
contig_1	1982542	1983549	1	1739
contig_1	1983563	1984477	-1	1740
contig_1	1984495	1985436	-1	1741
contig_1	1986001	1986489	-1	1742
contig_1	1986746	1987468	1	1743
contig_1	1987447	1988457	-1	1744
contig_1	1988482	1989354	-1	1745
contig_1	1989460	1989756	1	1746
contig_1	1989823	1991484	1	1747
contig_1	1991573	1992859	1	1748
contig_1	1993068	1993817	1	1749
contig_1	1994716	1995387	1	1750
contig_1	1995868	1997073	1	1751
contig_1	1997076	1998206	-1	1752
contig_1	1998340	1999377	1	1753
contig_1	1999370	1999963	1	1754
contig_1	1999947	2001533	-1	1755
contig_1	2001718	2002539	1	1756
contig_1	2002560	2005166	-1	1757
contig_1	2005345	2006253	1	1758
contig_1	2006259	2007035	-1	1759
contig_1	2007036	2007845	-1	1760
contig_1	2007832	2008857	-1	1761
contig_1	2009024	2010319	-1	1762
contig_1	2010344	2011393	-1	1763
contig_1	2011416	2013974	-1	1764
contig_1	2014513	2014944	1	1765
contig_1	2014962	2015855	-1	1766
contig_1	2016103	2017359	-1	1767
contig_1	2017492	2019279	-1	1768
contig_1	2019293	2020039	-1	1769
contig_1	2020054	2021106	-1	1770
contig_1	2021096	2022181	-1	1771
contig_1	2022184	2023533	-1	1772
contig_1	2023547	2024509	-1	1773
contig_1	2024509	2025867	-1	1774
contig_1	2025877	2026605	-1	1775
contig_1	2026635	2027438	-1	1776
contig_1	2027435	2028601	-1	1777
contig_1	2028721	2032215	1	1778
contig_1	2032219	2034429	-1	1779
contig_1	2034468	2037335	-1	1780
contig_1	2037538	2038002	1	1781
contig_1	2037994	2038575	-1	1782
contig_1	2038626	2039036	-1	1783
contig_1	2039176	2039412	1	1784
contig_1	2039409	2040212	-1	1785
contig_1	2040225	2040617	-1	1786
contig_1	2040620	2041834	-1	1787
contig_1	2041875	2042168	-1	1788
contig_1	2042193	2043347	-1	1789
contig_1	2043499	2044317	-1	1790
contig_1	2044372	2046138	1	1791
contig_1	2046107	2047441	1	1792
contig_1	2047453	2047827	1	1793
contig_1	2048233	2051388	1	1794
contig_1	2051411	2052262	-1	1795
contig_1	2052280	2053983	1	1796
contig_1	2053994	2054527	1	1797
contig_1	2054541	2055833	1	1798
contig_1	2055839	2057308	1	1799
contig_1	2057320	2057913	1	1800
contig_1	2058116	2059864	1	1801
contig_1	2060014	2061042	1	1802
contig_1	2061029	2061832	1	1803
contig_1	2061834	2062610	1	1804
contig_1	2062784	2062981	-1	1805
contig_1	2063011	2063436	-1	1806
contig_1	2063852	2064139	1	1807
contig_1	2064148	2065149	-1	1808
contig_1	2065231	2066952	-1	1809
contig_1	2067287	2067652	1	1810
contig_1	2067683	2068261	1	1811
contig_1	2068263	2069690	1	1812
contig_1	2069720	2070628	1	1813
contig_1	2070675	2071283	1	1814
contig_1	2071527	2072546	1	1815
contig_1	2072590	2073078	-1	1816
contig_1	2073228	2073653	1	1817
contig_1	2073707	2075578	-1	1818
contig_1	2075977	2076915	-1	1819
contig_1	2077722	2078303	-1	1820
contig_1	2078354	2078764	-1	1821
contig_1	2078934	2079470	-1	1822
contig_1	2079597	2082296	-1	1823
contig_1	2082885	2083568	-1	1824
contig_1	2083565	2084686	-1	1825
contig_1	2084797	2085366	1	1826
contig_1	2085392	2086558	1	1827
contig_1	2086953	2088947	1	1828
contig_1	2089326	2091149	1	1829
contig_1	2091262	2093055	-1	1830
contig_1	2093055	2093294	-1	1831
contig_1	2093497	2094240	-1	1832
contig_1	2094294	2094542	-1	1833
contig_1	2094929	2095909	-1	1834
contig_1	2095913	2097262	-1	1835
contig_1	2097267	2098553	-1	1836
contig_1	2098575	2099273	-1	1837
contig_1	2099290	2101674	-1	1838
contig_1	2101674	2103857	-1	1839
contig_1	2103863	2104354	-1	1840
contig_1	2104351	2106144	-1	1841
contig_1	2106279	2109554	-1	1842
contig_1	2109672	2111207	1	1843
contig_1	2111261	2111545	1	1844
contig_1	2111838	2113652	1	1845
contig_1	2113979	2115268	-1	1846
contig_1	2115246	2116007	-1	1847
contig_1	2116420	2116740	1	1848
contig_1	2116980	2117312	-1	1849
contig_1	2117423	2117572	-1	1850
contig_1	2117813	2119141	-1	1851
contig_1	2119380	2119934	1	1852
contig_1	2120122	2121876	-1	1853
contig_1	2122278	2124161	1	1854
contig_1	2124171	2126903	1	1855
contig_1	2126984	2128246	1	1856
contig_1	2128321	2129316	1	1857
contig_1	2129332	2131155	1	1858
contig_1	2131222	2131998	1	1859
contig_1	2131995	2132486	-1	1860
contig_1	2132671	2133612	1	1861
contig_1	2133631	2134794	1	1862
contig_1	2134810	2135586	1	1863
contig_1	2135910	2136809	1	1864
contig_1	2137025	2139631	1	1865
contig_1	2140038	2140952	1	1866
contig_1	2141129	2142025	-1	1867
contig_1	2142376	2144547	-1	1868
contig_1	2144574	2145908	-1	1869
contig_1	2146103	2146816	1	1870
contig_1	2146841	2148577	1	1871
contig_1	2148590	2149048	-1	1872
contig_1	2149059	2150906	-1	1873
contig_1	2150932	2153409	-1	1874
contig_1	2153428	2156355	-1	1875
contig_1	2156442	2156972	-1	1876
contig_1	2157100	2158104	1	1877
contig_1	2158113	2160413	1	1878
contig_1	2160523	2160720	1	1879
contig_1	2160880	2163957	1	1880
contig_1	2164046	2166547	1	1881
contig_1	2166548	2166955	-1	1882
contig_1	2167056	2168300	1	1883
contig_1	2168444	2170273	1	1884
contig_1	2170390	2170629	-1	1885
contig_1	2170947	2171528	-1	1886
contig_1	2171579	2171989	-1	1887
contig_1	2172079	2172324	-1	1888
contig_1	2173078	2173266	1	1889
contig_1	2173285	2173452	1	1890
contig_1	2173449	2174390	-1	1891
contig_1	2174765	2175574	-1	1892
contig_1	2176007	2176405	-1	1893
contig_1	2176427	2177416	-1	1894
contig_1	2177834	2178220	-1	1895
contig_1	2178247	2178615	-1	1896
contig_1	2178640	2178753	-1	1897
contig_1	2178791	2179102	-1	1898
contig_1	2179177	2179767	-1	1899
contig_1	2179852	2181168	-1	1900
contig_1	2181176	2181595	-1	1901
contig_1	2181607	2181804	-1	1902
contig_1	2181821	2182303	-1	1903
contig_1	2182334	2182696	-1	1904
contig_1	2182754	2183293	-1	1905
contig_1	2183320	2183718	-1	1906
contig_1	2183730	2183915	-1	1907
contig_1	2183927	2184565	-1	1908
contig_1	2184569	2184958	-1	1909
contig_1	2185000	2185260	-1	1910
contig_1	2185276	2185470	-1	1911
contig_1	2185467	2185895	-1	1912
contig_1	2185903	2186586	-1	1913
contig_1	2186601	2186924	-1	1914
contig_1	2186935	2187210	-1	1915
contig_1	2187228	2188055	-1	1916
contig_1	2188137	2188469	-1	1917
contig_1	2188493	2189089	-1	1918
contig_1	2189110	2189661	-1	1919
contig_1	2189771	2190082	-1	1920
contig_1	2190198	2194391	-1	1921
contig_1	2194409	2198581	-1	1922
contig_1	2198778	2199155	-1	1923
contig_1	2199242	2199760	-1	1924
contig_1	2199911	2200609	-1	1925
contig_1	2200669	2201094	-1	1926
contig_1	2201217	2202200	-1	1927
contig_1	2202213	2202992	-1	1928
contig_1	2203132	2204256	-1	1929
contig_1	2204364	2206409	1	1930
contig_1	2206406	2206918	-1	1931
contig_1	2207135	2208160	-1	1932
contig_1	2208747	2209298	1	1933
contig_1	2209300	2209950	1	1934
contig_1	2209966	2211261	-1	1935
contig_1	2211415	2211684	1	1936
contig_1	2211765	2214929	-1	1937
contig_1	2214926	2215780	-1	1938
contig_1	2215943	2217244	1	1939
contig_1	2217289	2218659	1	1940
contig_1	2218767	2219717	1	1941
contig_1	2219769	2220710	1	1942
contig_1	2220971	2221297	1	1943
contig_1	2221387	2222280	1	1944
contig_1	2222981	2223682	1	1945
contig_1	2223687	2224931	-1	1946
contig_1	2225196	2225942	1	1947
contig_1	2226042	2228111	1	1948
contig_1	2228168	2228503	1	1949
contig_1	2228568	2230142	1	1950
contig_1	2230334	2230963	1	1951
contig_1	2231053	2231463	1	1952
contig_1	2231514	2232095	1	1953
contig_1	2232348	2233685	1	1954
contig_1	2233682	2236870	1	1955
contig_1	2236860	2237048	1	1956
contig_1	2237098	2238612	1	1957
contig_1	2238615	2239733	1	1958
contig_1	2239749	2239898	1	1959
contig_1	2239999	2241450	1	1960
contig_1	2241475	2241633	1	1961
contig_1	2242517	2242837	-1	1962
contig_1	2244363	2244941	1	1963
contig_1	2245457	2245696	-1	1964
contig_1	2247310	2248032	1	1965
contig_1	2248207	2248812	1	1966
contig_1	2248818	2249459	-1	1967
contig_1	2249630	2250403	1	1968
contig_1	2250466	2252016	1	1969
contig_1	2252038	2252808	1	1970
contig_1	2252968	2253297	1	1971
contig_1	2253331	2255328	1	1972
contig_1	2255342	2257294	-1	1973
contig_1	2257299	2258198	-1	1974
contig_1	2258338	2259123	1	1975
contig_1	2259133	2259933	1	1976
contig_1	2259920	2261062	1	1977
contig_1	2261089	2262171	1	1978
contig_1	2262184	2262621	1	1979
contig_1	2262631	2266095	-1	1980
contig_1	2266677	2267597	1	1981
contig_1	2267785	2269056	1	1982
contig_1	2269075	2270064	1	1983
contig_1	2270056	2270637	-1	1984
contig_1	2270688	2271098	-1	1985
contig_1	2271340	2271555	1	1986
contig_1	2271537	2272004	-1	1987
contig_1	2272091	2272531	-1	1988
contig_1	2272555	2273538	-1	1989
contig_1	2273614	2274909	1	1990
contig_1	2274906	2276264	1	1991
contig_1	2276408	2276980	1	1992
contig_1	2276995	2278386	1	1993
contig_1	2278391	2280121	-1	1994
contig_1	2280218	2280904	-1	1995
contig_1	2281409	2282149	-1	1996
contig_1	2282165	2283694	-1	1997
contig_1	2284034	2284144	1	1998
contig_1	2284513	2285322	1	1999
contig_1	2285792	2287357	-1	2000
contig_1	2287381	2287707	-1	2001
contig_1	2287821	2288204	-1	2002
contig_1	2288390	2288500	-1	2003
contig_1	2288837	2289664	-1	2004
contig_1	2289838	2290086	-1	2005
contig_1	2290350	2290565	-1	2006
contig_1	2290562	2290801	-1	2007
contig_1	2291429	2292277	-1	2008
contig_1	2292396	2292701	-1	2009
contig_1	2293260	2293556	1	2010
contig_1	2294142	2294291	-1	2011
contig_1	2294288	2295313	-1	2012
contig_1	2295328	2295951	-1	2013
contig_1	2295964	2296944	-1	2014
contig_1	2296919	2298856	-1	2015
contig_1	2298860	2299834	-1	2016
contig_1	2300549	2301697	1	2017
contig_1	2301764	2302819	-1	2018
contig_1	2302812	2304143	-1	2019
contig_1	2304143	2305093	-1	2020
contig_1	2305363	2307255	-1	2021
contig_1	2307274	2308248	-1	2022
contig_1	2308397	2309551	1	2023
contig_1	2309559	2311139	-1	2024
contig_1	2311142	2312074	-1	2025
contig_1	2312071	2312577	-1	2026
contig_1	2312776	2314170	1	2027
contig_1	2314158	2315507	-1	2028
contig_1	2315674	2316396	-1	2029
contig_1	2316821	2317945	1	2030
contig_1	2317973	2320777	1	2031
contig_1	2320780	2322690	-1	2032
contig_1	2322808	2323536	1	2033
contig_1	2323539	2324240	-1	2034
contig_1	2324325	2326385	1	2035
contig_1	2326675	2327586	1	2036
contig_1	2327662	2328516	-1	2037
contig_1	2328483	2331182	-1	2038
contig_1	2331201	2332148	-1	2039
contig_1	2332183	2332302	1	2040
contig_1	2333874	2334473	-1	2041
contig_1	2334505	2335632	-1	2042
contig_1	2335635	2336483	-1	2043
contig_1	2336480	2337712	-1	2044
contig_1	2337956	2338858	-1	2045
contig_1	2339126	2340094	1	2046
contig_1	2340213	2341106	1	2047
contig_1	2341214	2342011	-1	2048
contig_1	2342033	2342686	-1	2049
contig_1	2342655	2343710	-1	2050
contig_1	2344057	2345292	1	2051
contig_1	2345279	2346013	-1	2052
contig_1	2346173	2346772	1	2053
contig_1	2346775	2348037	1	2054
contig_1	2348024	2349196	1	2055
contig_1	2349541	2350806	1	2056
contig_1	2350809	2352428	-1	2057
contig_1	2352613	2353824	-1	2058
contig_1	2353884	2354813	-1	2059
contig_1	2354995	2355981	1	2060
contig_1	2355992	2356234	1	2061
contig_1	2356219	2357307	1	2062
contig_1	2357363	2357695	-1	2063
contig_1	2357771	2358754	-1	2064
contig_1	2358778	2359473	-1	2065
contig_1	2359745	2360017	1	2066
contig_1	2360159	2360431	1	2067
contig_1	2360638	2363121	1	2068
contig_1	2363303	2363836	1	2069
contig_1	2364016	2365545	1	2070
contig_1	2365542	2365805	-1	2071
contig_1	2366012	2366539	-1	2072
contig_1	2366536	2367636	-1	2073
contig_1	2367639	2368058	-1	2074
contig_1	2368127	2369059	-1	2075
contig_1	2369546	2369980	1	2076
contig_1	2370190	2372112	1	2077
contig_1	2372362	2374002	1	2078
contig_1	2374409	2374882	-1	2079
contig_1	2374884	2375585	-1	2080
contig_1	2375781	2377310	1	2081
contig_1	2377326	2378066	1	2082
contig_1	2378149	2378334	-1	2083
contig_1	2378345	2378848	-1	2084
contig_1	2379030	2379506	-1	2085
contig_1	2379554	2380918	1	2086
contig_1	2380930	2381475	-1	2087
contig_1	2381695	2382780	-1	2088
contig_1	2382770	2384338	-1	2089
contig_1	2384342	2385382	-1	2090
contig_1	2385625	2385717	-1	2091
contig_1	2385714	2386019	-1	2092
contig_1	2386636	2387559	1	2093
contig_1	2387563	2387853	-1	2094
contig_1	2387921	2388808	-1	2095
contig_1	2389401	2390252	1	2096
contig_1	2390287	2390664	-1	2097
contig_1	2390671	2390913	-1	2098
contig_1	2391226	2392065	1	2099
contig_1	2392243	2392530	1	2100
contig_1	2392748	2393161	-1	2101
contig_1	2393158	2393304	-1	2102
contig_1	2394387	2394983	1	2103
contig_1	2395121	2395948	-1	2104
contig_1	2396266	2396781	1	2105
contig_1	2397229	2397561	1	2106
contig_1	2397564	2397893	1	2107
contig_1	2397901	2398107	-1	2108
contig_1	2398733	2399146	1	2109
contig_1	2399146	2400312	1	2110
contig_1	2400436	2400561	-1	2111
contig_1	2400774	2401667	1	2112
contig_1	2401793	2402269	-1	2113
contig_1	2402386	2403420	-1	2114
contig_1	2403417	2404769	-1	2115
contig_1	2404789	2406600	-1	2116
contig_1	2406625	2407671	-1	2117
contig_1	2407683	2408627	-1	2118
contig_1	2408805	2409110	-1	2119
contig_1	2409107	2409478	-1	2120
contig_1	2409488	2410957	-1	2121
contig_1	2410944	2411420	-1	2122
contig_1	2411621	2411950	-1	2123
contig_1	2412304	2412645	-1	2124
contig_1	2412620	2412877	-1	2125
contig_1	2413000	2413260	1	2126
contig_1	2413427	2413600	1	2127
contig_1	2415286	2415468	1	2128
contig_1	2415879	2416145	-1	2129
contig_1	2416111	2416431	-1	2130
contig_1	2416780	2417130	-1	2131
contig_1	2417230	2417991	-1	2132
contig_1	2418166	2418987	1	2133
contig_1	2419017	2419361	1	2134
contig_1	2419529	2420374	1	2135
contig_1	2420727	2421146	1	2136
contig_1	2421329	2422558	1	2137
contig_1	2422797	2423165	1	2138
contig_1	2423331	2424176	1	2139
contig_1	2424223	2424489	1	2140
contig_1	2424543	2424716	1	2141
contig_1	2424803	2425168	1	2142
contig_1	2425209	2425880	-1	2143
contig_1	2425903	2426457	-1	2144
contig_1	2426454	2426882	-1	2145
contig_1	2426882	2427259	-1	2146
contig_1	2427535	2427729	1	2147
contig_1	2427819	2428712	1	2148
contig_1	2428805	2429065	1	2149
contig_1	2429066	2430031	-1	2150
contig_1	2430263	2430604	-1	2151
contig_1	2430610	2431110	-1	2152
contig_1	2431238	2433910	-1	2153
contig_1	2434028	2436022	-1	2154
contig_1	2436239	2436586	-1	2155
contig_1	2436890	2438170	1	2156
contig_1	2438238	2438507	1	2157
contig_1	2438518	2439711	1	2158
contig_1	2439735	2441159	-1	2159
contig_1	2441302	2441526	1	2160
contig_1	2441529	2442707	1	2161
contig_1	2442704	2443858	-1	2162
contig_1	2444214	2444876	-1	2163
contig_1	2444883	2446337	-1	2164
contig_1	2446334	2447995	-1	2165
contig_1	2447999	2448727	-1	2166
contig_1	2448724	2449704	-1	2167
contig_1	2449883	2450380	1	2168
contig_1	2450387	2451178	1	2169
contig_1	2451221	2451901	1	2170
contig_1	2452132	2453145	1	2171
contig_1	2453158	2453871	-1	2172
contig_1	2454093	2454731	-1	2173
contig_1	2454763	2455641	-1	2174
contig_1	2455685	2456950	1	2175
contig_1	2456966	2458207	-1	2176
contig_1	2458351	2459127	-1	2177
contig_1	2459146	2460972	-1	2178
contig_1	2460976	2462727	-1	2179
contig_1	2462729	2463505	-1	2180
contig_1	2463631	2465289	-1	2181
contig_1	2465481	2466485	1	2182
contig_1	2466440	2466628	1	2183
contig_1	2466633	2467235	-1	2184
contig_1	2467245	2467637	-1	2185
contig_1	2467655	2468773	-1	2186
contig_1	2468973	2469824	1	2187
contig_1	2469895	2471499	1	2188
contig_1	2471797	2473410	1	2189
contig_1	2473500	2473922	1	2190
contig_1	2474116	2474658	1	2191
contig_1	2474669	2474995	-1	2192
contig_1	2475342	2475677	-1	2193
contig_1	2475883	2476293	1	2194
contig_1	2476344	2476925	1	2195
contig_1	2476917	2477075	-1	2196
contig_1	2477135	2478136	-1	2197
contig_1	2478141	2478962	-1	2198
contig_1	2478976	2481381	-1	2199
contig_1	2481362	2482531	-1	2200
contig_1	2482568	2483788	-1	2201
contig_1	2483816	2484562	-1	2202
contig_1	2484590	2485006	-1	2203
contig_1	2484996	2486024	-1	2204
contig_1	2486025	2486591	-1	2205
contig_1	2486613	2488157	-1	2206
contig_1	2488192	2489748	-1	2207
contig_1	2489753	2490244	-1	2208
contig_1	2490410	2491120	1	2209
contig_1	2491362	2491598	1	2210
contig_1	2491801	2493468	1	2211
contig_1	2493772	2495364	1	2212
contig_1	2495339	2495884	-1	2213
contig_1	2495896	2496240	-1	2214
contig_1	2496272	2496730	-1	2215
contig_1	2496757	2497917	-1	2216
contig_1	2498053	2498766	-1	2217
contig_1	2498802	2499905	-1	2218
contig_1	2499957	2501078	-1	2219
contig_1	2501262	2502665	-1	2220
contig_1	2502816	2503640	-1	2221
contig_1	2503661	2505580	-1	2222
contig_1	2505587	2506252	-1	2223
contig_1	2506633	2507520	-1	2224
contig_1	2507683	2507802	-1	2225
contig_1	2508506	2509876	-1	2226
contig_1	2510648	2511196	1	2227
contig_1	2511392	2512489	1	2228
contig_1	2512496	2513341	-1	2229
contig_1	2513378	2514529	-1	2230
contig_1	2514675	2515658	-1	2231
contig_1	2516094	2517491	1	2232
contig_1	2517518	2518981	1	2233
contig_1	2518992	2522015	-1	2234
contig_1	2522045	2522998	-1	2235
contig_1	2523017	2524339	-1	2236
contig_1	2524725	2525459	1	2237
contig_1	2525470	2527329	-1	2238
contig_1	2527439	2528401	1	2239
contig_1	2528414	2529679	1	2240
contig_1	2530028	2531032	1	2241
contig_1	2531162	2531716	1	2242
contig_1	2531845	2533617	1	2243
contig_1	2533792	2534733	1	2244
contig_1	2534778	2536007	-1	2245
contig_1	2536403	2536570	-1	2246
contig_1	2536570	2537229	-1	2247
contig_1	2537829	2538089	1	2248
contig_1	2538197	2538472	1	2249
contig_1	2538914	2539258	-1	2250
contig_1	2539385	2541031	-1	2251
contig_1	2541166	2542566	1	2252
contig_1	2542563	2543255	1	2253
contig_1	2543206	2543976	1	2254
contig_1	2543973	2544461	1	2255
contig_1	2544484	2545260	1	2256
contig_1	2545257	2546120	-1	2257
contig_1	2546124	2547173	-1	2258
contig_1	2547289	2547645	-1	2259
contig_1	2547799	2548131	-1	2260
contig_1	2548299	2549159	1	2261
contig_1	2549156	2549692	-1	2262
contig_1	2549848	2550141	1	2263
contig_1	2550148	2550984	-1	2264
contig_1	2550989	2551963	-1	2265
contig_1	2552117	2553292	1	2266
contig_1	2553319	2554461	1	2267
contig_1	2554461	2555021	1	2268
contig_1	2555119	2556213	1	2269
contig_1	2556233	2557981	-1	2270
contig_1	2558008	2558910	-1	2271
contig_1	2558916	2559761	-1	2272
contig_1	2559791	2561782	-1	2273
contig_1	2561891	2562118	-1	2274
contig_1	2562313	2563884	1	2275
contig_1	2563894	2564814	1	2276
contig_1	2564811	2565665	1	2277
contig_1	2565825	2566769	1	2278
contig_1	2566789	2567625	1	2279
contig_1	2567622	2568476	1	2280
contig_1	2568525	2570225	1	2281
contig_1	2570383	2572110	1	2282
contig_1	2572097	2572588	1	2283
contig_1	2572585	2574696	1	2284
contig_1	2574693	2576591	1	2285
contig_1	2576693	2578483	1	2286
contig_1	2578487	2579815	-1	2287
contig_1	2579893	2580582	1	2288
contig_1	2580647	2581882	-1	2289
contig_1	2582055	2582726	1	2290
contig_1	2582729	2583391	1	2291
contig_1	2583415	2584104	1	2292
contig_1	2584112	2585059	-1	2293
contig_1	2585065	2586141	-1	2294
contig_1	2586269	2586487	-1	2295
contig_1	2586638	2588506	-1	2296
contig_1	2588630	2589589	-1	2297
contig_1	2589633	2590067	-1	2298
contig_1	2590078	2593362	-1	2299
contig_1	2593435	2593932	-1	2300
contig_1	2593901	2595517	-1	2301
contig_1	2595576	2596223	-1	2302
contig_1	2596468	2596977	1	2303
contig_1	2596984	2598267	-1	2304
contig_1	2598269	2599477	-1	2305
contig_1	2599521	2600717	-1	2306
contig_1	2601054	2601977	-1	2307
contig_1	2602011	2602781	-1	2308
contig_1	2603151	2603969	1	2309
contig_1	2603937	2605340	-1	2310
contig_1	2605347	2606852	-1	2311
contig_1	2606990	2608342	1	2312
contig_1	2608356	2609138	1	2313
contig_1	2609149	2610753	-1	2314
contig_1	2610883	2612103	-1	2315
contig_1	2612289	2613578	1	2316
contig_1	2613597	2614304	1	2317
contig_1	2614396	2616819	1	2318
contig_1	2616867	2617430	1	2319
contig_1	2617438	2618451	1	2320
contig_1	2618473	2618940	1	2321
contig_1	2618947	2619780	1	2322
contig_1	2619784	2621013	1	2323
contig_1	2621010	2622740	1	2324
contig_1	2622741	2623961	1	2325
contig_1	2623999	2624454	1	2326
contig_1	2624444	2626012	-1	2327
contig_1	2626154	2626768	-1	2328
contig_1	2626768	2628006	-1	2329
contig_1	2628014	2629030	-1	2330
contig_1	2629032	2630435	-1	2331
contig_1	2630494	2631447	1	2332
contig_1	2631465	2634545	1	2333
contig_1	2634535	2635686	1	2334
contig_1	2635740	2635913	1	2335
contig_1	2635926	2637548	-1	2336
contig_1	2637548	2639146	-1	2337
contig_1	2639164	2641119	-1	2338
contig_1	2641122	2641427	-1	2339
contig_1	2641411	2641965	-1	2340
contig_1	2641984	2643093	-1	2341
contig_1	2643107	2643487	-1	2342
contig_1	2643549	2644631	-1	2343
contig_1	2644843	2645679	-1	2344
contig_1	2645680	2646195	-1	2345
contig_1	2646587	2646994	-1	2346
contig_1	2647163	2647522	-1	2347
contig_1	2647651	2647908	-1	2348
contig_1	2648973	2649293	-1	2349
contig_1	2650818	2651396	1	2350
contig_1	2651832	2652071	-1	2351
contig_1	2653866	2655404	1	2352
contig_1	2655453	2657021	1	2353
contig_1	2657058	2657873	1	2354
contig_1	2657981	2658862	1	2355
contig_1	2658893	2659786	-1	2356
contig_1	2659893	2660921	1	2357
contig_1	2661038	2662330	1	2358
contig_1	2662331	2663218	-1	2359
contig_1	2663228	2663998	-1	2360
contig_1	2664000	2664899	-1	2361
contig_1	2665089	2666096	1	2362
contig_1	2666108	2667493	-1	2363
contig_1	2667441	2668091	-1	2364
contig_1	2668269	2669546	1	2365
contig_1	2669673	2670677	1	2366
contig_1	2670679	2672199	-1	2367
contig_1	2672221	2674419	-1	2368
contig_1	2674634	2676268	-1	2369
contig_1	2676318	2676605	-1	2370
contig_1	2676853	2677353	-1	2371
contig_1	2677350	2678966	-1	2372
contig_1	2678975	2679733	-1	2373
contig_1	2679735	2680868	-1	2374
contig_1	2680870	2681781	-1	2375
contig_1	2681787	2682479	-1	2376
contig_1	2682602	2683510	1	2377
contig_1	2683512	2684393	-1	2378
contig_1	2684542	2685294	1	2379
contig_1	2685341	2688148	1	2380
contig_1	2688207	2689148	1	2381
contig_1	2689126	2690127	1	2382
contig_1	2690170	2690637	1	2383
contig_1	2690646	2691629	-1	2384
contig_1	2691827	2692411	-1	2385
contig_1	2692449	2694323	-1	2386
contig_1	2694365	2695078	-1	2387
contig_1	2695132	2697099	-1	2388
contig_1	2697412	2698032	-1	2389
contig_1	2698106	2698372	1	2390
contig_1	2698381	2699640	1	2391
contig_1	2699715	2700011	1	2392
contig_1	2700021	2700818	1	2393
contig_1	2700763	2701326	1	2394
contig_1	2701334	2701876	1	2395
contig_1	2701882	2703639	1	2396
contig_1	2703651	2705306	1	2397
contig_1	2705303	2706337	-1	2398
contig_1	2706503	2708278	1	2399
contig_1	2708281	2709504	-1	2400
contig_1	2709514	2710716	-1	2401
contig_1	2710710	2711759	-1	2402
contig_1	2711767	2712318	-1	2403
contig_1	2712405	2712662	-1	2404
contig_1	2712669	2713493	-1	2405
contig_1	2713948	2715117	-1	2406
contig_1	2715136	2716608	-1	2407
contig_1	2716619	2717980	-1	2408
contig_1	2718043	2718429	-1	2409
contig_1	2718467	2719153	-1	2410
contig_1	2719116	2719592	-1	2411
contig_1	2719687	2720250	-1	2412
contig_1	2720404	2720793	1	2413
contig_1	2720818	2721297	1	2414
contig_1	2721574	2721744	1	2415
contig_1	2721881	2722180	1	2416
contig_1	2722468	2722809	-1	2417
contig_1	2722846	2723652	-1	2418
contig_1	2723844	2724725	-1	2419
contig_1	2724754	2725932	-1	2420
contig_1	2726355	2728112	1	2421
contig_1	2728120	2729178	-1	2422
contig_1	2729205	2730173	-1	2423
contig_1	2730213	2730941	-1	2424
contig_1	2730946	2732262	-1	2425
contig_1	2732478	2732924	-1	2426
contig_1	2732940	2733608	-1	2427
contig_1	2733612	2734682	-1	2428
contig_1	2734679	2735305	-1	2429
contig_1	2735337	2736317	-1	2430
contig_1	2736329	2737105	-1	2431
contig_1	2737206	2737553	-1	2432
contig_1	2737566	2738780	-1	2433
contig_1	2738777	2739442	-1	2434
contig_1	2739447	2739986	-1	2435
contig_1	2740019	2743141	-1	2436
contig_1	2743210	2743860	-1	2437
contig_1	2744168	2745052	-1	2438
contig_1	2745088	2745552	-1	2439
contig_1	2745709	2746368	-1	2440
contig_1	2746372	2746773	-1	2441
contig_1	2746783	2747586	-1	2442
contig_1	2747593	2750004	-1	2443
contig_1	2750155	2750580	-1	2444
contig_1	2750722	2752266	-1	2445
contig_1	2752288	2752524	-1	2446
contig_1	2752725	2753840	1	2447
contig_1	2753980	2755089	1	2448
contig_1	2755130	2755633	-1	2449
contig_1	2756301	2757908	1	2450
contig_1	2758090	2758938	1	2451
contig_1	2758941	2760410	-1	2452
contig_1	2760417	2761535	-1	2453
contig_1	2761709	2762674	-1	2454
contig_1	2763082	2763576	1	2455
contig_1	2763882	2764973	1	2456
contig_1	2764992	2765711	1	2457
contig_1	2765733	2766401	1	2458
contig_1	2766491	2766901	1	2459
contig_1	2766952	2767533	1	2460
contig_1	2767653	2768138	1	2461
contig_1	2768158	2769165	-1	2462
contig_1	2769352	2770080	1	2463
contig_1	2770086	2771387	1	2464
contig_1	2771388	2772269	1	2465
contig_1	2772272	2773117	1	2466
contig_1	2773135	2774157	1	2467
contig_1	2774171	2775373	-1	2468
contig_1	2775378	2776415	-1	2469
contig_1	2776691	2777197	-1	2470
contig_1	2777370	2777933	1	2471
contig_1	2778007	2778672	1	2472
contig_1	2778664	2780169	-1	2473
contig_1	2780205	2780606	-1	2474
contig_1	2780634	2781377	-1	2475
contig_1	2781374	2782321	-1	2476
contig_1	2782374	2783201	-1	2477
contig_1	2783198	2784412	-1	2478
contig_1	2784442	2785425	1	2479
contig_1	2785451	2786206	1	2480
contig_1	2786253	2788607	1	2481
contig_1	2788631	2789302	1	2482
contig_1	2789610	2790896	1	2483
contig_1	2791061	2792065	1	2484
contig_1	2792069	2793403	1	2485
contig_1	2793501	2794469	1	2486
contig_1	2794479	2795246	1	2487
contig_1	2795250	2796257	1	2488
contig_1	2796363	2797556	1	2489
contig_1	2797553	2798611	-1	2490
contig_1	2798803	2798931	1	2491
contig_1	2799287	2799709	1	2492
contig_1	2799872	2801053	1	2493
contig_1	2801064	2801963	-1	2494
contig_1	2802180	2802512	-1	2495
contig_1	2802720	2803577	-1	2496
contig_1	2803628	2803903	-1	2497
contig_1	2804264	2805757	1	2498
contig_1	2805754	2806830	-1	2499
