Hmm	ORF	tlen	qlen	Eval	score	start	end	Acc	Pos	Cov_seq	Cov_hmm	strand
AbiEii_0_CAS-III	contig_1_12	238	284	0.00064	16.5	14095	14808	contig_1	12	0.35714285714285715	0.30985915492957744	-1
Csn2_10_CAS-II-A	contig_1_28	544	321	0.0054	13.1	30401	32032	contig_1	28	0.1323529411764706	0.2118380062305296	-1
AbiEii_0_CAS-III	contig_1_39	751	284	0.0024	14.6	40262	42514	contig_1	39	0.12117177097203728	0.3028169014084507	-1
RecD_0_IVD	contig_1_40	444	763	0.0025	13.1	42664	43995	contig_1	40	0.1554054054054054	0.08781127129750983	1
CysH_0_IVB	contig_1_73	365	249	0.0058	13.5	83545	84639	contig_1	73	0.1095890410958904	0.14859437751004015	-1
DEDDh_0_CAS-I-II-III-IV-V-VI	contig_1_77	644	160	3.7e-42	141.4	88157	90088	contig_1	77	0.2422360248447205	0.99375	1
Cas5_6_CAS-I-B	contig_1_90	65	272	0.0097	12.4	103550	103744	contig_1	90	0.4307692307692308	0.10294117647058823	1
Cmr5gr11_3_CAS-III-B	contig_1_96	340	119	0.01	13.4	109930	110949	contig_1	96	0.19411764705882353	0.42857142857142855	-1
Cmr5gr11_1_CAS-III-C	contig_1_103	137	180	0.0031	14.6	117613	118023	contig_1	103	0.7226277372262774	0.5388888888888889	1
CorA_1_CAS-III-B	contig_1_103	137	125	0.045	10.8	117613	118023	contig_1	103	0.5182481751824818	0.384	1
Mem_DnaJ_0_CAS-III-AM	contig_1_106	315	284	0.0057	13.2	119023	119967	contig_1	106	0.15873015873015872	0.1936619718309859	1
Cas12f1_0_CAS-V-F	contig_1_184	389	512	9.8e-08	28.4	211579	212745	contig_1	184	0.5629820051413882	0.453125	-1
Cas12f1_2_CAS-V-F	contig_1_184	389	429	9.2e-15	51.7	211579	212745	contig_1	184	0.8174807197943444	0.7505827505827506	-1
Cas12f2_0_CAS-V-F	contig_1_184	389	517	3.3e-26	89.1	211579	212745	contig_1	184	0.5681233933161953	0.4526112185686654	-1
Cas12f2_1_CAS-V-F	contig_1_184	389	422	1.3e-42	143.5	211579	212745	contig_1	184	0.7480719794344473	0.7156398104265402	-1
Cas12f2_2_CAS-V-F	contig_1_184	389	493	2.8000000000000002e-28	96.0	211579	212745	contig_1	184	0.5475578406169666	0.4726166328600406	-1
Cas12f3_0_CAS-V-F	contig_1_184	389	496	1.7000000000000002e-22	77.2	211579	212745	contig_1	184	0.5886889460154242	0.5040322580645161	-1
Cas12f7_0_CAS-V-F	contig_1_184	389	566	2.4e-11	40.3	211579	212745	contig_1	184	0.5295629820051414	0.3621908127208481	-1
Cas12m_0_V-M	contig_1_184	389	577	8.2e-09	31.6	211579	212745	contig_1	184	0.455012853470437	0.3344887348353553	-1
Csa5gr11_2_CAS-I-A	contig_1_184	389	101	0.006	14.2	211579	212745	contig_1	184	0.15167095115681234	0.5544554455445545	-1
TnpB_0_Competitive	contig_1_184	389	400	4.4e-41	138.3	211579	212745	contig_1	184	0.6401028277634961	0.61	-1
TnpB_1_Competitive	contig_1_184	389	409	1.3000000000000002e-44	149.8	211579	212745	contig_1	184	0.5475578406169666	0.5061124694376528	-1
Cas3HD_0_CAS-I	contig_1_193	697	203	0.057	10.4	223663	225753	contig_1	193	0.2568149210903874	0.541871921182266	-1
Csm3gr7_12_CAS-III-A-III-D	contig_1_221	151	199	0.05	11.1	266361	266813	contig_1	221	0.6622516556291391	0.3969849246231156	1
Csm5_0_IIIA	contig_1_258	1021	364	0.077	9.6	310806	313868	contig_1	258	0.12536728697355534	0.25274725274725274	-1
Csm2gr11_1_CAS-III-A	contig_1_273	158	192	0.016	12.3	330073	330546	contig_1	273	0.6392405063291139	0.53125	-1
AbiEii_0_CAS-III	contig_1_304	226	284	1.5e-05	21.9	367302	367979	contig_1	304	0.3805309734513274	0.3028169014084507	-1
Cas3_0_CAS-I	contig_1_322	474	353	8e-08	28.9	387767	389188	contig_1	322	0.6582278481012658	0.8923512747875354	1
Cas3_0_I	contig_1_322	474	358	5.1e-07	26.3	387767	389188	contig_1	322	0.6476793248945147	0.8770949720670391	1
Cas3_0_ID	contig_1_322	474	357	0.0044	13.3	387767	389188	contig_1	322	0.2869198312236287	0.35294117647058826	1
Cas3_1_CAS-I	contig_1_322	474	745	0.00044	15.8	387767	389188	contig_1	322	0.4641350210970464	0.2993288590604027	1
Cas3_1_CAS-I-D	contig_1_322	474	353	0.002	14.4	387767	389188	contig_1	322	0.2848101265822785	0.35410764872521244	1
Cas3_2_CAS-I	contig_1_322	474	967	2e-06	23.3	387767	389188	contig_1	322	0.4620253164556962	0.21509824198552224	1
Csf4_0_IVA	contig_1_322	474	666	4.9e-06	22.5	387767	389188	contig_1	322	0.35654008438818563	0.2552552552552553	1
Cse2gr11_2_CAS-I-E	contig_1_325	240	227	2.8	4.9	392843	393562	contig_1	325	0.2833333333333333	0.2907488986784141	1
AbiEii_0_CAS-III	contig_1_368	244	284	0.00085	16.1	434645	435376	contig_1	368	0.5409836065573771	0.4612676056338028	-1
Csm2gr11_1_CAS-III-A	contig_1_391	354	192	0.00029	18.0	462045	463106	contig_1	391	0.3135593220338983	0.4895833333333333	-1
AbiEii_0_CAS-III	contig_1_396	327	284	1.3e-05	22.1	466100	467080	contig_1	396	0.2018348623853211	0.22535211267605634	-1
HTH_0_CAS-III-A	contig_1_396	327	364	0.0014	15.0	466100	467080	contig_1	396	0.24770642201834864	0.21703296703296704	-1
CasR_0_CAS-I-II-III-IV-V-VI	contig_1_402	124	198	0.013	12.3	473880	474251	contig_1	402	0.4274193548387097	0.2222222222222222	1
CasR_1_CAS-I-II-III-IV-V-VI	contig_1_402	124	218	0.00034	17.0	473880	474251	contig_1	402	0.5887096774193549	0.24311926605504589	1
Cas3_0_ID	contig_1_403	240	357	0.00086	15.6	474257	474976	contig_1	403	0.22916666666666666	0.1568627450980392	1
Cas12j_0_V-J	contig_1_464	200	758	0.0082	11.2	547160	547759	contig_1	464	0.61	0.16490765171503957	-1
CorA_1_CAS-III-B	contig_1_464	200	125	0.0021	15.2	547160	547759	contig_1	464	0.32	0.52	-1
TnpB_0_Competitive	contig_1_468	176	400	2.1e-06	24.1	550456	550983	contig_1	468	0.5340909090909091	0.2325	-1
Cas2_6_CAS-I-II-III-IV-V-VI	contig_1_498	346	90	0.022	12.4	586574	587611	contig_1	498	0.2138728323699422	0.6666666666666666	1
AbiEii_0_CAS-III	contig_1_516	250	284	0.0002	18.2	605917	606666	contig_1	516	0.344	0.30985915492957744	1
Cas8a1_0_IA	contig_1_541	573	152	0.011	13.3	635904	637622	contig_1	541	0.2094240837696335	0.5657894736842105	-1
Cas8b3_1_CAS-I-B	contig_1_541	573	152	0.0091	13.4	635904	637622	contig_1	541	0.20767888307155322	0.5592105263157895	-1
Cas3_0_CAS-I	contig_1_543	547	353	8.6e-12	42.0	638490	640130	contig_1	543	0.37842778793418647	0.5949008498583569	-1
Cas3_0_I	contig_1_543	547	358	9.5e-11	38.5	638490	640130	contig_1	543	0.473491773308958	0.7374301675977654	-1
Cas3_1_CAS-I	contig_1_543	547	745	3.6e-09	32.7	638490	640130	contig_1	543	0.37842778793418647	0.2953020134228188	-1
Cas3_2_CAS-I	contig_1_543	547	967	5.3e-07	25.2	638490	640130	contig_1	543	0.4753199268738574	0.26163391933815927	-1
Csf4_0_IVA	contig_1_543	547	666	0.0014	14.4	638490	640130	contig_1	543	0.08043875685557587	0.06156156156156156	-1
Cas9_0_II-C2	contig_1_549	435	967	6.6e-14	48.2	644453	645757	contig_1	549	0.30114942528735633	0.13029989658738367	1
Cas9_0_II	contig_1_549	435	830	0.00025	16.7	644453	645757	contig_1	549	0.19080459770114944	0.10843373493975904	1
Cas9_0_II-D	contig_1_549	435	853	2.4e-27	92.9	644453	645757	contig_1	549	0.38620689655172413	0.21219226260257915	1
Cas3_0_CAS-I	contig_1_564	1178	353	9.1e-12	41.9	661520	665053	contig_1	564	0.20118845500848898	0.6940509915014165	-1
Cas3_0_I	contig_1_564	1178	358	2.3e-10	37.2	661520	665053	contig_1	564	0.1833616298811545	0.6256983240223464	-1
Cas3_2_CAS-I	contig_1_564	1178	967	0.0016	13.7	661520	665053	contig_1	564	0.059422750424448216	0.06825232678386763	-1
Cas3_1_I	contig_1_569	525	178	0.001	16.3	668865	670439	contig_1	569	0.21904761904761905	0.7921348314606742	1
Cas3HD_0_CAS-I	contig_1_569	525	203	1.6e-06	25.3	668865	670439	contig_1	569	0.2742857142857143	0.7192118226600985	1
htpX_0_CAS-III-B	contig_1_580	300	343	3.5e-27	92.6	678392	679291	contig_1	580	0.7166666666666667	0.6559766763848397	1
Csx3_2_CAS-I-III	contig_1_683	450	277	0.006	12.9	782655	784004	contig_1	683	0.07777777777777778	0.12274368231046931	1
Cas2_0_CAS-I-II-III-IV-V-VI	contig_1_693	455	90	0.015	12.9	791846	793210	contig_1	693	0.2725274725274725	0.7222222222222222	-1
Cas12f1_1_CAS-V-F	contig_1_705	455	557	1.4e-12	44.2	805233	806597	contig_1	705	0.5428571428571428	0.4362657091561939	1
Cas12f1_2_CAS-V-F	contig_1_705	455	429	4.1e-26	89.1	805233	806597	contig_1	705	0.734065934065934	0.8041958041958042	1
Cas12f2_0_CAS-V-F	contig_1_705	455	517	4.1e-33	111.9	805233	806597	contig_1	705	0.7142857142857143	0.5841392649903289	1
Cas12f2_1_CAS-V-F	contig_1_705	455	422	4.7e-46	154.8	805233	806597	contig_1	705	0.8901098901098901	0.9549763033175356	1
Cas12f2_2_CAS-V-F	contig_1_705	455	493	8e-43	143.9	805233	806597	contig_1	705	0.7142857142857143	0.6328600405679513	1
Cas12f3_0_CAS-V-F	contig_1_705	455	496	1.1e-38	130.6	805233	806597	contig_1	705	0.5428571428571428	0.5141129032258065	1
Cas12f7_0_CAS-V-F	contig_1_705	455	566	6.2e-14	48.8	805233	806597	contig_1	705	0.42637362637362636	0.3286219081272085	1
Cas12j_0_V-J	contig_1_705	455	758	6e-08	28.2	805233	806597	contig_1	705	0.15824175824175823	0.08839050131926121	1
Cas12m_0_V-M	contig_1_705	455	577	2.8e-09	33.1	805233	806597	contig_1	705	0.3142857142857143	0.2339688041594454	1
TnpB_0_Competitive	contig_1_705	455	400	1.4999999999999999e-40	136.5	805233	806597	contig_1	705	0.865934065934066	0.92	1
TnpB_1_Competitive	contig_1_705	455	409	7.900000000000001e-44	147.2	805233	806597	contig_1	705	0.8967032967032967	0.8850855745721271	1
TPR_0_CAS-III-B	contig_1_707	524	488	5.1e-05	19.3	807928	809499	contig_1	707	0.2748091603053435	0.18442622950819673	1
Cas7f_2_CAS-I-F	contig_1_713	127	326	0.0019	14.8	815069	815449	contig_1	713	0.5826771653543307	0.23006134969325154	1
CasR_1_CAS-I-II-III-IV-V-VI	contig_1_768	510	218	0.015	11.6	877563	879092	contig_1	768	0.060784313725490195	0.13761467889908258	-1
TPR_1_CAS-III-B	contig_1_787	299	537	0.0061	12.5	897620	898516	contig_1	787	0.3076923076923077	0.16945996275605213	1
AbiEii_0_CAS-III	contig_1_799	557	284	1.6e-06	25.1	909175	910845	contig_1	799	0.24416517055655296	0.4225352112676056	-1
tm_4_0_CAS-VI-B	contig_1_809	251	225	0.0014	15.9	918776	919528	contig_1	809	0.3346613545816733	0.3688888888888889	-1
Csm2gr11_1_CAS-III-A	contig_1_819	625	192	4.1	4.5	930597	932471	contig_1	819	0.28	0.4270833333333333	1
AbiEii_0_CAS-III	contig_1_851	696	284	9.1e-07	25.9	974355	976442	contig_1	851	0.28160919540229884	0.44014084507042256	-1
Csm3_1_IIID	contig_1_865	330	257	0.0043	13.8	989160	990149	contig_1	865	0.2636363636363636	0.33073929961089493	-1
Csm3gr7_8_CAS-III-A-III-D	contig_1_865	330	256	0.001	15.7	989160	990149	contig_1	865	0.26666666666666666	0.33203125	-1
Csn2_3_CAS-II-A	contig_1_866	258	219	0.0068	13.3	990151	990924	contig_1	866	0.23255813953488372	0.2648401826484018	1
AbiEii_0_CAS-III	contig_1_870	325	284	0.0059	13.4	993396	994370	contig_1	870	0.4646153846153846	0.5070422535211268	-1
AbiEii_0_CAS-III	contig_1_871	322	284	0.0059	13.4	994367	995332	contig_1	871	0.37888198757763975	0.4225352112676056	-1
AbiEii_0_CAS-III	contig_1_882	266	284	0.012	12.4	1009864	1010661	contig_1	882	0.38721804511278196	0.3345070422535211	1
AbiEii_0_CAS-III	contig_1_889	250	284	3.8e-05	20.6	1017261	1018010	contig_1	889	0.588	0.5	1
Cas12f1_0_CAS-V-F	contig_1_904	378	512	1.5e-07	27.8	1032649	1033782	contig_1	904	0.5740740740740741	0.44921875	-1
Cas12f1_2_CAS-V-F	contig_1_904	378	429	3.6e-16	56.3	1032649	1033782	contig_1	904	0.8386243386243386	0.7482517482517482	-1
Cas12f2_0_CAS-V-F	contig_1_904	378	517	3.2000000000000003e-27	92.5	1032649	1033782	contig_1	904	0.5952380952380952	0.46034816247582205	-1
Cas12f2_1_CAS-V-F	contig_1_904	378	422	3.4999999999999996e-43	145.4	1032649	1033782	contig_1	904	0.8201058201058201	0.7582938388625592	-1
Cas12f2_2_CAS-V-F	contig_1_904	378	493	1.7e-29	100.0	1032649	1033782	contig_1	904	0.5846560846560847	0.486815415821501	-1
Cas12f3_0_CAS-V-F	contig_1_904	378	496	2.6999999999999997e-25	86.4	1032649	1033782	contig_1	904	0.5873015873015873	0.45161290322580644	-1
Cas12f7_0_CAS-V-F	contig_1_904	378	566	2.7e-11	40.1	1032649	1033782	contig_1	904	0.5	0.3374558303886926	-1
Cas12m_0_V-M	contig_1_904	378	577	5e-11	38.9	1032649	1033782	contig_1	904	0.4708994708994709	0.3362218370883882	-1
TnpB_0_Competitive	contig_1_904	378	400	1.1e-39	133.6	1032649	1033782	contig_1	904	0.6587301587301587	0.61	-1
TnpB_1_Competitive	contig_1_904	378	409	7.9e-45	150.5	1032649	1033782	contig_1	904	0.5555555555555556	0.49877750611246946	-1
Cas5_0_CAS-I-F	contig_1_931	544	336	0.0038	13.7	1064764	1066395	contig_1	931	0.16544117647058823	0.2648809523809524	1
Cas6_2_CAS-I-II-III-IV-V-VI	contig_1_956	153	193	0.034	11.4	1096569	1097027	contig_1	956	0.6013071895424836	0.38341968911917096	1
CorA_0_CAS-III-B-III-D	contig_1_971	345	551	7.2e-06	22.1	1115165	1116199	contig_1	971	0.263768115942029	0.19237749546279492	1
Cas3_0_CAS-I	contig_1_1011	598	353	1.3e-10	38.1	1165596	1167389	contig_1	1011	0.36789297658862874	0.6118980169971672	-1
Cas3_0_I	contig_1_1011	598	358	2.3e-09	33.9	1165596	1167389	contig_1	1011	0.36789297658862874	0.61731843575419	-1
Cas3_0_ID	contig_1_1011	598	357	0.00053	16.3	1165596	1167389	contig_1	1011	0.19899665551839466	0.31092436974789917	-1
Cas3_1_CAS-I	contig_1_1011	598	745	0.0017	13.9	1165596	1167389	contig_1	1011	0.3177257525083612	0.26040268456375837	-1
Cas3_1_CAS-I-D	contig_1_1011	598	353	2.7e-05	20.6	1165596	1167389	contig_1	1011	0.1688963210702341	0.2804532577903683	-1
Cas3_2_CAS-I	contig_1_1011	598	967	0.00027	16.3	1165596	1167389	contig_1	1011	0.24581939799331104	0.15408479834539815	-1
Cas3d_0_CAS-I-D	contig_1_1011	598	639	6.8e-06	21.9	1165596	1167389	contig_1	1011	0.2040133779264214	0.19248826291079812	-1
Cas3d_1_CAS-I-D	contig_1_1011	598	627	2.1e-06	23.5	1165596	1167389	contig_1	1011	0.22742474916387959	0.21212121212121213	-1
Cas12f2_1_CAS-V-F	contig_1_1017	85	422	0.0038	13.5	1177109	1177363	contig_1	1017	0.43529411764705883	0.08767772511848342	-1
AbiEii_0_CAS-III	contig_1_1030	299	284	3.5e-07	27.2	1189724	1190620	contig_1	1030	0.33444816053511706	0.28169014084507044	-1
Cas3_0_CAS-I	contig_1_1041	936	353	2.5e-07	27.3	1202623	1205430	contig_1	1041	0.11538461538461539	0.29461756373937675	1
Cas3_0_I	contig_1_1041	936	358	6.1e-09	32.6	1202623	1205430	contig_1	1041	0.12393162393162394	0.3240223463687151	1
DEDDh_0_CAS-I-II-III-IV-V-VI	contig_1_1057	227	160	2.3e-43	145.3	1223558	1224238	contig_1	1057	0.6784140969162996	0.99375	1
AbiEii_0_CAS-III	contig_1_1065	253	284	8e-08	29.3	1230370	1231128	contig_1	1065	0.3952569169960474	0.3380281690140845	1
AbiEii_1_CAS-III-A	contig_1_1065	253	335	0.0026	14.1	1230370	1231128	contig_1	1065	0.308300395256917	0.2417910447761194	1
Cas9_0_II-C2	contig_1_1070	429	967	6.4e-14	48.2	1235901	1237187	contig_1	1070	0.30536130536130535	0.13029989658738367	-1
Cas9_0_II	contig_1_1070	429	830	0.00025	16.7	1235901	1237187	contig_1	1070	0.19347319347319347	0.10843373493975904	-1
Cas9_0_II-D	contig_1_1070	429	853	2.3e-27	92.9	1235901	1237187	contig_1	1070	0.3916083916083916	0.21219226260257915	-1
AbiEii_0_CAS-III	contig_1_1080	226	284	8.1e-06	22.7	1247929	1248606	contig_1	1080	0.415929203539823	0.3485915492957746	-1
Csn2_7_CAS-II-A	contig_1_1080	226	372	0.031	10.4	1247929	1248606	contig_1	1080	0.3893805309734513	0.23655913978494625	-1
Unk_02_0_CAS-III-A	contig_1_1080	226	305	0.0075	12.9	1247929	1248606	contig_1	1080	0.19469026548672566	0.14426229508196722	-1
Csx3_2_CAS-I-III	contig_1_1084	334	277	0.00054	16.3	1251786	1252787	contig_1	1084	0.08682634730538923	0.10469314079422383	-1
Cas5_1_CAS-I	contig_1_1086	163	241	0.0077	13.1	1254760	1255248	contig_1	1086	0.4539877300613497	0.31950207468879666	-1
AbiEii_0_CAS-III	contig_1_1090	461	284	0.0018	15.1	1258004	1259386	contig_1	1090	0.1561822125813449	0.2746478873239437	1
Csx3_2_CAS-I-III	contig_1_1090	461	277	0.0015	14.9	1258004	1259386	contig_1	1090	0.10845986984815618	0.18050541516245489	1
AbiEii_1_CAS-III-A	contig_1_1124	634	335	0.0051	13.1	1304876	1306777	contig_1	1124	0.05362776025236593	0.09850746268656717	-1
AbiEii_0_CAS-III	contig_1_1190	617	284	1.8e-07	28.2	1380371	1382221	contig_1	1190	0.1507293354943274	0.323943661971831	-1
AbiEii_1_CAS-III-A	contig_1_1190	617	335	9.3e-07	25.4	1380371	1382221	contig_1	1190	0.31442463533225284	0.5940298507462687	-1
AbiEii_2_CAS-III-C	contig_1_1190	617	440	3.2e-09	33.7	1380371	1382221	contig_1	1190	0.17179902755267423	0.25	-1
AbiEii_0_CAS-III	contig_1_1218	247	284	6e-09	33.0	1411857	1412597	contig_1	1218	0.5060728744939271	0.4119718309859155	1
Csn2_7_CAS-II-A	contig_1_1218	247	372	0.001	15.3	1411857	1412597	contig_1	1218	0.6477732793522267	0.44086021505376344	1
Csx3_2_CAS-I-III	contig_1_1218	247	277	0.0034	13.7	1411857	1412597	contig_1	1218	0.08906882591093117	0.07942238267148015	1
Cas4_0_CAS-I-II-III-IV-V-VI	contig_1_1237	930	179	2.4e-05	21.8	1428899	1431688	contig_1	1237	0.1053763440860215	0.5418994413407822	1
Cas4_0_I-II	contig_1_1237	930	180	1.6e-05	21.9	1428899	1431688	contig_1	1237	0.10752688172043011	0.5611111111111111	1
Cas4_0_I-II-V	contig_1_1237	930	177	0.0054	13.9	1428899	1431688	contig_1	1237	0.07204301075268817	0.3728813559322034	1
Cas4_3_CAS-I-II-III-IV-V-VI	contig_1_1237	930	197	0.0086	13.3	1428899	1431688	contig_1	1237	0.07741935483870968	0.350253807106599	1
Csa5gr11_1_CAS-I-A	contig_1_1268	321	100	0.015	12.7	1472067	1473029	contig_1	1268	0.2554517133956386	0.77	-1
Csx21_0_CAS-III-A	contig_1_1269	588	210	0.018	11.6	1473418	1475181	contig_1	1269	0.08673469387755102	0.24285714285714285	1
Csx21_0_CAS-III-A-III-D	contig_1_1269	588	210	0.0087	12.7	1473418	1475181	contig_1	1269	0.08843537414965986	0.24761904761904763	1
AbiEii_0_CAS-III	contig_1_1275	287	284	0.0002	18.2	1479838	1480698	contig_1	1275	0.2508710801393728	0.23943661971830985	-1
AbiEii_1_CAS-III-A	contig_1_1275	287	335	3e-05	20.5	1479838	1480698	contig_1	1275	0.30313588850174217	0.2656716417910448	-1
Cmr4_1_IIIB	contig_1_1307	174	281	0.0089	12.8	1518211	1518732	contig_1	1307	0.7068965517241379	0.40213523131672596	1
CorA_1_CAS-III-B	contig_1_1314	865	125	8.8	3.4	1525006	1527600	contig_1	1314	0.13410404624277455	0.648	1
SSgr11_0_CAS-III-F	contig_1_1316	168	197	0.00049	17.1	1528601	1529104	contig_1	1316	0.6488095238095238	0.5329949238578681	1
TPR_1_CAS-III-B	contig_1_1329	421	537	0.01	11.8	1547121	1548383	contig_1	1329	0.37292161520190026	0.29236499068901306	-1
Cas3_0_CAS-I	contig_1_1330	709	353	3.1e-06	23.7	1548443	1550569	contig_1	1330	0.3314527503526093	0.49575070821529743	-1
Cas3_0_I	contig_1_1330	709	358	3.5e-06	23.5	1548443	1550569	contig_1	1330	0.3638928067700987	0.4748603351955307	-1
Cas3_0_ID	contig_1_1330	709	357	0.00017	17.9	1548443	1550569	contig_1	1330	0.15514809590973203	0.29971988795518206	-1
Cas3_1_CAS-I	contig_1_1330	709	745	5.2e-05	18.9	1548443	1550569	contig_1	1330	0.33991537376586745	0.3409395973154362	-1
Cas3_1_CAS-I-D	contig_1_1330	709	353	0.00046	16.5	1548443	1550569	contig_1	1330	0.15796897038081806	0.3087818696883853	-1
Csf4_1_IVA1	contig_1_1330	709	802	8.5e-06	21.3	1548443	1550569	contig_1	1330	0.10578279266572638	0.09725685785536159	-1
Cas12f1_0_CAS-V-F	contig_1_1386	383	512	8.1e-08	28.7	1607083	1608231	contig_1	1386	0.566579634464752	0.44921875	-1
Cas12f1_2_CAS-V-F	contig_1_1386	383	429	2.8e-15	53.4	1607083	1608231	contig_1	1386	0.8302872062663186	0.7505827505827506	-1
Cas12f2_0_CAS-V-F	contig_1_1386	383	517	1.5999999999999999e-29	100.0	1607083	1608231	contig_1	1386	0.587467362924282	0.46034816247582205	-1
Cas12f2_1_CAS-V-F	contig_1_1386	383	422	7.4e-42	141.0	1607083	1608231	contig_1	1386	0.6684073107049608	0.6208530805687204	-1
Cas12f2_2_CAS-V-F	contig_1_1386	383	493	1.2e-28	97.2	1607083	1608231	contig_1	1386	0.5430809399477807	0.46247464503042596	-1
Cas12f3_0_CAS-V-F	contig_1_1386	383	496	4.2e-25	85.8	1607083	1608231	contig_1	1386	0.5796344647519582	0.44556451612903225	-1
Cas12f7_0_CAS-V-F	contig_1_1386	383	566	1.1e-11	41.4	1607083	1608231	contig_1	1386	0.49869451697127937	0.3409893992932862	-1
Cas12m_0_V-M	contig_1_1386	383	577	6.3e-10	35.3	1607083	1608231	contig_1	1386	0.4386422976501306	0.3188908145580589	-1
TnpB_0_Competitive	contig_1_1386	383	400	1.8999999999999998e-39	132.9	1607083	1608231	contig_1	1386	0.6475195822454308	0.6075	-1
TnpB_1_Competitive	contig_1_1386	383	409	1.4e-44	149.7	1607083	1608231	contig_1	1386	0.5456919060052219	0.4963325183374083	-1
Cas4_5_CAS-I-II-III-IV-V-VI	contig_1_1441	107	161	6e-05	20.4	1668433	1668753	contig_1	1441	0.5794392523364486	0.37888198757763975	1
Cas4_5_CAS-I-II-III-IV-V-VI	contig_1_1452	107	161	9.7e-05	19.7	1675582	1675902	contig_1	1452	0.5794392523364486	0.37888198757763975	1
Mem_DnaJ_0_CAS-III-AM	contig_1_1491	132	284	0.0053	13.3	1717670	1718065	contig_1	1491	0.2803030303030303	0.13028169014084506	-1
DEDDh_0_CAS-I-II-III-IV-V-VI	contig_1_1504	938	160	6.8e-10	36.5	1729739	1732552	contig_1	1504	0.1279317697228145	0.825	-1
AbiEii_0_CAS-III	contig_1_1507	224	284	0.012	12.4	1735014	1735685	contig_1	1507	0.3392857142857143	0.2640845070422535	-1
AbiEii_0_CAS-III	contig_1_1510	229	284	3e-06	24.2	1737845	1738531	contig_1	1510	0.3318777292576419	0.2605633802816901	-1
CasR_0_CAS-I-II-III-IV-V-VI	contig_1_1539	165	198	0.0016	15.2	1766419	1766913	contig_1	1539	0.41818181818181815	0.3434343434343434	1
CasR_1_CAS-I-II-III-IV-V-VI	contig_1_1539	165	218	0.00035	17.0	1766419	1766913	contig_1	1539	0.4484848484848485	0.3211009174311927	1
AbiEii_0_CAS-III	contig_1_1556	366	284	0.0056	13.4	1785723	1786820	contig_1	1556	0.26229508196721313	0.3345070422535211	-1
Cas11b_0_CAS-I-B	contig_1_1560	293	170	0.018	12.0	1789333	1790211	contig_1	1560	0.515358361774744	0.5352941176470588	-1
SSgr11_0_CAS-III-F	contig_1_1573	156	197	0.00082	16.3	1802451	1802918	contig_1	1573	0.6666666666666666	0.49238578680203043	1
Cas9_0_II-C2	contig_1_1579	429	967	6.4e-14	48.2	1808671	1809957	contig_1	1579	0.30536130536130535	0.13029989658738367	1
Cas9_0_II	contig_1_1579	429	830	0.00025	16.7	1808671	1809957	contig_1	1579	0.19347319347319347	0.10843373493975904	1
Cas9_0_II-D	contig_1_1579	429	853	2.3e-27	92.9	1808671	1809957	contig_1	1579	0.3916083916083916	0.21219226260257915	1
AbiEii_0_CAS-III	contig_1_1637	247	284	0.013	12.2	1872551	1873291	contig_1	1637	0.3157894736842105	0.2676056338028169	1
AbiEii_1_CAS-III-A	contig_1_1637	247	335	0.0025	14.2	1872551	1873291	contig_1	1637	0.3562753036437247	0.25970149253731345	1
Cas12f1_0_CAS-V-F	contig_1_1639	389	512	1.6e-06	24.4	1874052	1875218	contig_1	1639	0.5629820051413882	0.453125	1
Cas12f1_2_CAS-V-F	contig_1_1639	389	429	1.6e-15	54.2	1874052	1875218	contig_1	1639	0.8817480719794345	0.8065268065268065	1
Cas12f2_0_CAS-V-F	contig_1_1639	389	517	7.8e-26	87.9	1874052	1875218	contig_1	1639	0.5655526992287918	0.4506769825918762	1
Cas12f2_1_CAS-V-F	contig_1_1639	389	422	7.499999999999999e-43	144.3	1874052	1875218	contig_1	1639	0.7840616966580977	0.7369668246445498	1
Cas12f2_2_CAS-V-F	contig_1_1639	389	493	2.7e-29	99.3	1874052	1875218	contig_1	1639	0.5784061696658098	0.4949290060851927	1
Cas12f3_0_CAS-V-F	contig_1_1639	389	496	5.7e-23	78.7	1874052	1875218	contig_1	1639	0.5886889460154242	0.4717741935483871	1
Cas12f7_0_CAS-V-F	contig_1_1639	389	566	3.4e-11	39.8	1874052	1875218	contig_1	1639	0.5295629820051414	0.3621908127208481	1
Cas12m_0_V-M	contig_1_1639	389	577	1.8e-10	37.1	1874052	1875218	contig_1	1639	0.455012853470437	0.3344887348353553	1
TnpB_0_Competitive	contig_1_1639	389	400	2.3999999999999998e-39	132.6	1874052	1875218	contig_1	1639	0.6375321336760925	0.6075	1
TnpB_1_Competitive	contig_1_1639	389	409	1.5e-45	152.8	1874052	1875218	contig_1	1639	0.5475578406169666	0.5061124694376528	1
Cas9_0_II	contig_1_1642	1115	830	1.8e-80	268.6	1876713	1880057	contig_1	1642	0.8089686098654708	0.9722891566265061	1
Cas9_0_II-D	contig_1_1642	1115	853	9.7e-19	64.4	1876713	1880057	contig_1	1642	0.32825112107623317	0.4536928487690504	1
Cas9_1_II	contig_1_1642	1115	1120	1.7e-59	199.1	1876713	1880057	contig_1	1642	0.7775784753363228	0.75625	1
Cas2_0_CAS-I-II-III-IV-V-VI	contig_1_1643	114	90	1.1e-15	55.0	1880683	1881024	contig_1	1643	0.7456140350877193	0.9	-1
Cas2_0_I-II-III	contig_1_1643	114	96	3e-17	59.9	1880683	1881024	contig_1	1643	0.7719298245614035	0.8958333333333334	-1
Cas2_11_CAS-I-II-III-IV-V-VI	contig_1_1643	114	71	7.1e-13	45.8	1880683	1881024	contig_1	1643	0.6578947368421053	0.971830985915493	-1
Cas2_5_CAS-I-II-III-IV-V-VI	contig_1_1643	114	116	8.1e-26	87.7	1880683	1881024	contig_1	1643	0.7719298245614035	0.7758620689655172	-1
Cas2_7_CAS-I-II-III-IV-V-VI	contig_1_1643	114	94	0.0042	14.7	1880683	1881024	contig_1	1643	0.5877192982456141	0.7127659574468085	-1
Cas2_9_CAS-I-II-III-IV-V-VI	contig_1_1643	114	101	1.5e-21	73.7	1880683	1881024	contig_1	1643	0.7719298245614035	0.8712871287128713	-1
Cas1_0_CAS-I-II-III-IV-V-VI	contig_1_1644	298	317	1.5e-45	152.9	1881058	1881951	contig_1	1644	0.9261744966442953	0.9810725552050473	-1
Cas1_0_IA	contig_1_1644	298	347	5.5e-10	35.8	1881058	1881951	contig_1	1644	0.6375838926174496	0.553314121037464	-1
Cas1_0_IC	contig_1_1644	298	340	2.9e-12	43.5	1881058	1881951	contig_1	1644	0.5973154362416108	0.5294117647058824	-1
Cas1_0_IE	contig_1_1644	298	269	1.2e-09	34.9	1881058	1881951	contig_1	1644	0.3087248322147651	0.3420074349442379	-1
Cas1_0_II	contig_1_1644	298	278	3.2000000000000003e-80	266.5	1881058	1881951	contig_1	1644	0.9261744966442953	0.9928057553956835	-1
Cas1_0_I-II-III	contig_1_1644	298	327	1.9999999999999998e-30	103.1	1881058	1881951	contig_1	1644	0.889261744966443	0.9327217125382263	-1
Cas1_0_I-II-III-V	contig_1_1644	298	315	8.5e-36	120.5	1881058	1881951	contig_1	1644	0.9026845637583892	0.9619047619047619	-1
Cas1_0_V	contig_1_1644	298	317	1.7e-12	44.2	1881058	1881951	contig_1	1644	0.47651006711409394	0.4921135646687697	-1
Cas1_1_CAS-I-II-III-IV-V-VI	contig_1_1644	298	261	1.7000000000000002e-27	93.5	1881058	1881951	contig_1	1644	0.7449664429530202	0.9386973180076629	-1
Cas1_3_CAS-I-II-III-IV-V-VI	contig_1_1644	298	262	4.7e-10	36.3	1881058	1881951	contig_1	1644	0.3087248322147651	0.3549618320610687	-1
Cas1_4_CAS-I-II-III-IV-V-VI	contig_1_1644	298	275	4.6e-79	262.6	1881058	1881951	contig_1	1644	0.9228187919463087	0.9927272727272727	-1
Cas1_5_CAS-I-II-III-IV-V-VI	contig_1_1644	298	338	1.7e-12	44.3	1881058	1881951	contig_1	1644	0.6006711409395973	0.5355029585798816	-1
Cas1_6_CAS-I-II-III-IV-V-VI	contig_1_1644	298	320	1.6e-12	44.5	1881058	1881951	contig_1	1644	0.8422818791946308	0.834375	-1
Cas1_7_CAS-I-II-III-IV-V-VI	contig_1_1644	298	328	9.999999999999999e-43	143.6	1881058	1881951	contig_1	1644	0.912751677852349	0.9298780487804879	-1
Cas1_8_CAS-I-II-III-IV-V-VI	contig_1_1644	298	283	2.2e-29	99.7	1881058	1881951	contig_1	1644	0.7953020134228188	0.9151943462897526	-1
Cas9_0_II-C2	contig_1_1670	208	967	2.7e-09	32.9	1910060	1910683	contig_1	1670	0.2403846153846154	0.05170630816959669	-1
Cas9_0_II-D	contig_1_1670	208	853	1.1e-14	51.0	1910060	1910683	contig_1	1670	0.2932692307692308	0.07033997655334115	-1
PD_DExK_0_CAS-I-B	contig_1_1697	218	231	0.019	11.5	1936530	1937183	contig_1	1697	0.23853211009174313	0.21645021645021645	1
Cmr5gr11_1_CAS-III-C	contig_1_1700	499	180	0.02	11.9	1938913	1940409	contig_1	1700	0.3226452905811623	0.5722222222222222	-1
RecD_0_IVD	contig_1_1701	258	763	0.018	10.3	1940458	1941231	contig_1	1701	0.11627906976744186	0.039318479685452164	-1
RecD_0_IVD	contig_1_1715	665	763	1.0999999999999999e-62	209.4	1954948	1956942	contig_1	1715	0.9263157894736842	0.7745740498034076	-1
CorA_0_CAS-III-B-III-D	contig_1_1718	456	551	7.5	2.3	1958274	1959641	contig_1	1718	0.2741228070175439	0.20871143375680581	1
AbiEii_0_CAS-III	contig_1_1721	427	284	0.00097	15.9	1961092	1962372	contig_1	1721	0.1288056206088993	0.18661971830985916	-1
AbiEii_0_CAS-III	contig_1_1740	305	284	0.011	12.4	1983563	1984477	contig_1	1740	0.2262295081967213	0.2605633802816901	-1
Cas3_1_I	contig_1_1755	529	178	0.021	12.1	1999947	2001533	contig_1	1755	0.06805293005671077	0.24157303370786518	-1
Cas3HD_0_CAS-I	contig_1_1755	529	203	0.00025	18.1	1999947	2001533	contig_1	1755	0.14744801512287334	0.39408866995073893	-1
Csm5gr7_1_CAS-III-A-III-D	contig_1_1755	529	369	0.03	11.2	1999947	2001533	contig_1	1755	0.2892249527410208	0.3821138211382114	-1
AbiEii_0_CAS-III	contig_1_1761	342	284	0.0085	12.8	2007832	2008857	contig_1	1761	0.14619883040935672	0.1936619718309859	-1
Csx21_1_CAS-III-A	contig_1_1781	155	104	0.0051	14.3	2037538	2038002	contig_1	1781	0.4258064516129032	0.6346153846153846	1
TPR_0_CAS-III-A	contig_1_1787	405	435	0.00058	16.1	2040620	2041834	contig_1	1787	0.4074074074074074	0.17011494252873563	-1
TPR_1_CAS-III-A	contig_1_1787	405	462	0.00038	16.4	2040620	2041834	contig_1	1787	0.4	0.45021645021645024	-1
Cas9_0_II-C2	contig_1_1788	98	967	1.8e-13	46.7	2041875	2042168	contig_1	1788	0.7551020408163265	0.07652533609100311	-1
Cas9_0_II	contig_1_1788	98	830	7.4e-08	28.3	2041875	2042168	contig_1	1788	0.8673469387755102	0.10722891566265061	-1
Cas9_0_II-D	contig_1_1788	98	853	1.2e-13	47.5	2041875	2042168	contig_1	1788	0.5408163265306123	0.06096131301289566	-1
PD_DExK_0_CAS-I-II-III-IV-V-VI	contig_1_1815	340	159	5.299999999999999e-54	179.6	2071527	2072546	contig_1	1815	0.7382352941176471	0.9622641509433962	1
PD_DExK_0_CAS-I-II-III-IV-V-VI	contig_1_1832	248	159	1.7e-64	213.7	2093497	2094240	contig_1	1832	0.6491935483870968	1.0	-1
Csm3gr7_11_CAS-III-A-III-D	contig_1_1860	164	216	0.014	12.0	2131995	2132486	contig_1	1860	0.3780487804878049	0.2777777777777778	-1
Cas3_0_CAS-I	contig_1_1865	869	353	4.9e-08	29.6	2137025	2139631	contig_1	1865	0.28308400460299193	0.7138810198300283	1
Cas3_0_I	contig_1_1865	869	358	8e-08	28.9	2137025	2139631	contig_1	1865	0.238204833141542	0.5921787709497207	1
Cas3_1_CAS-I-D	contig_1_1865	869	353	0.01	12.1	2137025	2139631	contig_1	1865	0.16800920598388952	0.40226628895184136	1
Csx3_2_CAS-I-III	contig_1_1871	579	277	0.012	11.9	2146841	2148577	contig_1	1871	0.08290155440414508	0.17328519855595667	1
Cas8b_0_IB	contig_1_1874	826	395	0.0013	15.1	2150932	2153409	contig_1	1874	0.11380145278450363	0.1848101265822785	-1
Cas12f1_2_CAS-V-F	contig_1_1899	197	429	0.049	9.8	2179177	2179767	contig_1	1899	0.14720812182741116	0.06526806526806526	-1
Cas12f2_1_CAS-V-F	contig_1_1899	197	422	0.035	10.3	2179177	2179767	contig_1	1899	0.14213197969543148	0.06398104265402843	-1
Cas10_0_IIIA	contig_1_1907	62	650	0.018	10.9	2183730	2183915	contig_1	1907	0.7580645161290323	0.07692307692307693	-1
Cas10_1_CAS-III	contig_1_1907	62	654	0.00039	16.3	2183730	2183915	contig_1	1907	0.7258064516129032	0.07186544342507645	-1
AbiEii_0_CAS-III	contig_1_1973	651	284	1.6e-09	34.9	2255342	2257294	contig_1	1973	0.21044546850998463	0.40492957746478875	-1
AbiEii_1_CAS-III-A	contig_1_1973	651	335	0.23	7.7	2255342	2257294	contig_1	1973	0.21505376344086022	0.3373134328358209	-1
Csx3_2_CAS-I-III	contig_1_1973	651	277	0.0052	13.1	2255342	2257294	contig_1	1973	0.07219662058371736	0.10108303249097472	-1
AbiEii_0_CAS-III	contig_1_1994	577	284	0.0017	15.2	2278391	2280121	contig_1	1994	0.17157712305025996	0.3380281690140845	-1
CasR_1_CAS-I-II-III-IV-V-VI	contig_1_1997	510	218	0.015	11.6	2282165	2283694	contig_1	1997	0.06274509803921569	0.14220183486238533	-1
Csx19_0_CAS-III-D	contig_1_2005	83	143	0.0087	13.2	2289838	2290086	contig_1	2005	0.5301204819277109	0.17482517482517482	-1
Csx3_2_CAS-I-III	contig_1_2015	646	277	0.0088	12.3	2296919	2298856	contig_1	2015	0.06346749226006192	0.148014440433213	-1
Cas3_0_CAS-I	contig_1_2038	900	353	7.6e-11	38.9	2328483	2331182	contig_1	2038	0.49333333333333335	0.8923512747875354	-1
Cas3_0_I	contig_1_2038	900	358	1.9e-10	37.5	2328483	2331182	contig_1	2038	0.36666666666666664	0.659217877094972	-1
Cas3_0_IU	contig_1_2038	900	864	0.0089	11.1	2328483	2331182	contig_1	2038	0.08222222222222222	0.0787037037037037	-1
Cas3_1_CAS-I	contig_1_2038	900	745	7.2e-33	111.0	2328483	2331182	contig_1	2038	0.59	0.614765100671141	-1
Cas3_1_I	contig_1_2038	900	178	4.9e-12	43.4	2328483	2331182	contig_1	2038	0.1922222222222222	0.5224719101123596	-1
Cas3-Cas2_0_CAS-I-F	contig_1_2038	900	1106	1.1e-136	454.4	2328483	2331182	contig_1	2038	0.9866666666666667	0.7929475587703436	-1
Cas3-Cas2_0_IF	contig_1_2038	900	1110	1.1e-135	451.1	2328483	2331182	contig_1	2038	0.9866666666666667	0.7936936936936937	-1
Cas3HD_0_CAS-I	contig_1_2038	900	203	2e-14	51.1	2328483	2331182	contig_1	2038	0.41333333333333333	0.9655172413793104	-1
Cas3HD_1_CAS-I	contig_1_2038	900	191	1.5e-08	31.9	2328483	2331182	contig_1	2038	0.1111111111111111	0.4607329842931937	-1
Cas3HD_2_CAS-I	contig_1_2038	900	231	1.7e-07	28.2	2328483	2331182	contig_1	2038	0.09888888888888889	0.3463203463203463	-1
Cas1_0_CAS-I-II-III-IV-V-VI	contig_1_2039	316	317	4.0000000000000004e-24	82.4	2331201	2332148	contig_1	2039	0.8259493670886076	0.7665615141955836	-1
Cas1_0_IA	contig_1_2039	316	347	3.7e-05	19.9	2331201	2332148	contig_1	2039	0.7658227848101266	0.6801152737752162	-1
Cas1_0_IE	contig_1_2039	316	269	1.2e-31	107.1	2331201	2332148	contig_1	2039	0.7088607594936709	0.8066914498141264	-1
Cas1_0_IF	contig_1_2039	316	307	4.8e-85	282.7	2331201	2332148	contig_1	2039	0.9778481012658228	0.996742671009772	-1
Cas1_0_I-II-III	contig_1_2039	316	327	1e-43	146.8	2331201	2332148	contig_1	2039	0.9462025316455697	0.8746177370030581	-1
Cas1_0_I-II-III-V	contig_1_2039	316	315	1.1e-13	47.9	2331201	2332148	contig_1	2039	0.8512658227848101	0.7904761904761904	-1
Cas1_1_CAS-I-II-III-IV-V-VI	contig_1_2039	316	261	3.8e-33	112.0	2331201	2332148	contig_1	2039	0.8354430379746836	0.9501915708812261	-1
Cas1_2_CAS-I-II-III-IV-V-VI	contig_1_2039	316	306	3.1999999999999997e-85	283.3	2331201	2332148	contig_1	2039	0.9778481012658228	0.9967320261437909	-1
Cas1_3_CAS-I-II-III-IV-V-VI	contig_1_2039	316	262	4.999999999999999e-32	108.4	2331201	2332148	contig_1	2039	0.7025316455696202	0.8206106870229007	-1
Cas1_6_CAS-I-II-III-IV-V-VI	contig_1_2039	316	320	5.1e-10	36.2	2331201	2332148	contig_1	2039	0.8987341772151899	0.846875	-1
Cas1_7_CAS-I-II-III-IV-V-VI	contig_1_2039	316	328	3.4e-42	141.9	2331201	2332148	contig_1	2039	0.9588607594936709	0.8719512195121951	-1
Cas1_8_CAS-I-II-III-IV-V-VI	contig_1_2039	316	283	5.1e-20	69.0	2331201	2332148	contig_1	2039	0.930379746835443	0.9787985865724381	-1
Cas6_0_IF	contig_1_2041	200	184	3.7e-18	63.3	2333874	2334473	contig_1	2041	0.975	1.0	-1
Cas6_3_IVA	contig_1_2041	200	192	5.6e-19	65.9	2333874	2334473	contig_1	2041	0.95	0.9427083333333334	-1
Cas6f_0_CAS-I-II-III-IV-V-VI	contig_1_2041	200	186	4.7e-19	66.2	2333874	2334473	contig_1	2041	0.98	0.9946236559139785	-1
Cas6f_1_CAS-I-II-III-IV-V-VI	contig_1_2041	200	185	2.7000000000000003e-28	96.5	2333874	2334473	contig_1	2041	0.98	0.9945945945945946	-1
Cas6f_2_CAS-I-II-III-IV-V-VI	contig_1_2041	200	185	4.5e-25	86.1	2333874	2334473	contig_1	2041	0.97	1.0	-1
Cas7f_0_CAS-I-F	contig_1_2042	376	340	5.000000000000001e-75	250.2	2334505	2335632	contig_1	2042	0.901595744680851	0.9882352941176471	-1
Cas7f_1_CAS-I-F	contig_1_2042	376	331	1.9e-87	290.9	2334505	2335632	contig_1	2042	0.898936170212766	0.9939577039274925	-1
Cas7f_2_CAS-I-F	contig_1_2042	376	326	7.6e-83	275.7	2334505	2335632	contig_1	2042	0.898936170212766	0.9969325153374233	-1
Csy3_0_IF	contig_1_2042	376	341	2.7e-74	247.7	2334505	2335632	contig_1	2042	0.901595744680851	0.9882697947214076	-1
Cas5f_0_CAS-I-F	contig_1_2043	283	261	2.1e-26	89.9	2335635	2336483	contig_1	2043	0.9611307420494699	0.9846743295019157	-1
Cas5f_1_CAS-I-F	contig_1_2043	283	293	6.2e-10	36.0	2335635	2336483	contig_1	2043	0.9151943462897526	0.9556313993174061	-1
Cas5f_2_CAS-I-F	contig_1_2043	283	291	5.4e-20	69.1	2335635	2336483	contig_1	2043	0.9257950530035336	0.9656357388316151	-1
Cas5f_3_CAS-I-F	contig_1_2043	283	293	4.6e-15	52.9	2335635	2336483	contig_1	2043	0.9222614840989399	0.9658703071672355	-1
Csy2_0_IF	contig_1_2043	283	296	2.2e-08	30.9	2335635	2336483	contig_1	2043	0.4416961130742049	0.41216216216216217	-1
Cas8f_0_CAS-I-F	contig_1_2044	411	422	9.9e-23	77.7	2336480	2337712	contig_1	2044	0.6277372262773723	0.5876777251184834	-1
Cas8f_1_CAS-I-F	contig_1_2044	411	458	7.8e-09	32.4	2336480	2337712	contig_1	2044	0.35036496350364965	0.31004366812227074	-1
Cas8f_4_CAS-I-F	contig_1_2044	411	450	5.6e-05	18.9	2336480	2337712	contig_1	2044	0.1873479318734793	0.17333333333333334	-1
AbiEii_0_CAS-III	contig_1_2050	352	284	5.7e-05	20.0	2342655	2343710	contig_1	2050	0.4005681818181818	0.49295774647887325	-1
AbiEii_0_CAS-III	contig_1_2078	547	284	3.1e-05	20.9	2372362	2374002	contig_1	2078	0.1809872029250457	0.31338028169014087	1
CasR_1_CAS-I-II-III-IV-V-VI	contig_1_2081	510	218	0.015	11.6	2375781	2377310	contig_1	2081	0.060784313725490195	0.13761467889908258	1
Cas12f1_0_CAS-V-F	contig_1_2086	455	512	2e-06	24.1	2379554	2380918	contig_1	2086	0.4747252747252747	0.412109375	1
Cas12f1_1_CAS-V-F	contig_1_2086	455	557	2.4e-11	40.1	2379554	2380918	contig_1	2086	0.4175824175824176	0.31956912028725315	1
Cas12f1_2_CAS-V-F	contig_1_2086	455	429	1.5999999999999999e-24	83.9	2379554	2380918	contig_1	2086	0.734065934065934	0.8041958041958042	1
Cas12f2_0_CAS-V-F	contig_1_2086	455	517	8.9e-33	110.8	2379554	2380918	contig_1	2086	0.6351648351648351	0.5203094777562862	1
Cas12f2_1_CAS-V-F	contig_1_2086	455	422	3.4e-46	155.3	2379554	2380918	contig_1	2086	0.8879120879120879	0.95260663507109	1
Cas12f2_2_CAS-V-F	contig_1_2086	455	493	1.1e-43	146.8	2379554	2380918	contig_1	2086	0.6879120879120879	0.6085192697768763	1
Cas12f3_0_CAS-V-F	contig_1_2086	455	496	7.5e-39	131.1	2379554	2380918	contig_1	2086	0.5252747252747253	0.4879032258064516	1
Cas12f7_0_CAS-V-F	contig_1_2086	455	566	5.5e-13	45.7	2379554	2380918	contig_1	2086	0.42857142857142855	0.3303886925795053	1
Cas12j_0_V-J	contig_1_2086	455	758	1.5e-07	26.9	2379554	2380918	contig_1	2086	0.45494505494505494	0.2691292875989446	1
Cas12m_0_V-M	contig_1_2086	455	577	1.5e-09	34.0	2379554	2380918	contig_1	2086	0.3120879120879121	0.2322357019064125	1
TnpB_0_Competitive	contig_1_2086	455	400	1.3e-41	140.0	2379554	2380918	contig_1	2086	0.8483516483516483	0.915	1
TnpB_1_Competitive	contig_1_2086	455	409	1.9e-44	149.2	2379554	2380918	contig_1	2086	0.8967032967032967	0.8850855745721271	1
AbiEii_0_CAS-III	contig_1_2088	362	284	0.0005	16.9	2381695	2382780	contig_1	2088	0.22375690607734808	0.20774647887323944	-1
Cas12f1_0_CAS-V-F	contig_1_2110	389	512	2.2e-07	27.2	2399146	2400312	contig_1	2110	0.5629820051413882	0.453125	1
Cas12f1_2_CAS-V-F	contig_1_2110	389	429	3.7e-15	53.0	2399146	2400312	contig_1	2110	0.8200514138817481	0.752913752913753	1
Cas12f2_0_CAS-V-F	contig_1_2110	389	517	1.7e-24	83.4	2399146	2400312	contig_1	2110	0.5681233933161953	0.4526112185686654	1
Cas12f2_1_CAS-V-F	contig_1_2110	389	422	1.9999999999999998e-42	142.9	2399146	2400312	contig_1	2110	0.7712082262210797	0.7345971563981043	1
Cas12f2_2_CAS-V-F	contig_1_2110	389	493	1.5000000000000002e-28	96.8	2399146	2400312	contig_1	2110	0.5475578406169666	0.4726166328600406	1
Cas12f3_0_CAS-V-F	contig_1_2110	389	496	9.000000000000001e-23	78.1	2399146	2400312	contig_1	2110	0.5886889460154242	0.5040322580645161	1
Cas12f7_0_CAS-V-F	contig_1_2110	389	566	2.3e-11	40.3	2399146	2400312	contig_1	2110	0.5295629820051414	0.3621908127208481	1
Cas12m_0_V-M	contig_1_2110	389	577	2.7e-09	33.2	2399146	2400312	contig_1	2110	0.455012853470437	0.3344887348353553	1
TnpB_0_Competitive	contig_1_2110	389	400	1.7e-40	136.3	2399146	2400312	contig_1	2110	0.6401028277634961	0.61	1
TnpB_1_Competitive	contig_1_2110	389	409	1.2e-45	153.2	2399146	2400312	contig_1	2110	0.5449871465295629	0.5036674816625917	1
Cas8b2_1_CAS-I-B	contig_1_2121	490	334	0.0085	12.5	2409488	2410957	contig_1	2121	0.35918367346938773	0.44011976047904194	-1
TniQ_1_I-F	contig_1_2131	117	400	0.00048	16.4	2416780	2417130	contig_1	2131	0.4188034188034188	0.1225	-1
Cas10_0_CAS-III-C	contig_1_2151	114	959	0.01	11.1	2430263	2430604	contig_1	2151	0.21929824561403508	0.026068821689259645	-1
Cas10_0_IIIC	contig_1_2151	114	953	0.033	8.9	2430263	2430604	contig_1	2151	0.21929824561403508	0.025183630640083946	-1
DEDDh_0_CAS-I-II-III-IV-V-VI	contig_1_2152	167	160	1.7e-09	35.2	2430610	2431110	contig_1	2152	0.8323353293413174	0.8	-1
CasR_0_CAS-III-B-III-D	contig_1_2165	554	255	0.023	11.4	2446334	2447995	contig_1	2165	0.15342960288808663	0.3254901960784314	-1
AbiEii_0_CAS-III	contig_1_2167	327	284	6.3e-07	26.4	2448724	2449704	contig_1	2167	0.30275229357798167	0.3380281690140845	-1
Csn2_7_CAS-II-A	contig_1_2167	327	372	1.2e-05	21.6	2448724	2449704	contig_1	2167	0.345565749235474	0.31989247311827956	-1
AbiEii_0_CAS-III	contig_1_2197	334	284	3.8e-06	23.8	2477135	2478136	contig_1	2197	0.3023952095808383	0.352112676056338	-1
AbiEii_0_CAS-III	contig_1_2200	390	284	0.00079	16.2	2481362	2482531	contig_1	2200	0.45384615384615384	0.528169014084507	-1
Csx3_2_CAS-I-III	contig_1_2209	237	277	0.017	11.4	2490410	2491120	contig_1	2209	0.12236286919831224	0.10469314079422383	1
Cas8b7_0_CAS-I-B	contig_1_2210	79	331	0.0038	13.6	2491362	2491598	contig_1	2210	0.379746835443038	0.09667673716012085	1
Csx3_2_CAS-I-III	contig_1_2229	282	277	0.018	11.3	2512496	2513341	contig_1	2229	0.1099290780141844	0.11913357400722022	-1
Cas6_9_CAS-I-II-III-IV-V-VI	contig_1_2233	488	206	0.0016	15.2	2517518	2518981	contig_1	2233	0.1864754098360656	0.4029126213592233	1
Csx3_2_CAS-I-III	contig_1_2311	502	277	0.002	14.5	2605347	2606852	contig_1	2311	0.18326693227091634	0.23104693140794225	-1
CorA_0_CAS-III-B-III-D	contig_1_2339	102	551	0.1	8.5	2641122	2641427	contig_1	2339	0.7549019607843137	0.11433756805807622	-1
CysH_0_IVB	contig_1_2353	523	249	7.8e-05	19.6	2655453	2657021	contig_1	2353	0.1491395793499044	0.30522088353413657	1
AbiEii_0_CAS-III	contig_1_2379	251	284	1.2e-05	22.2	2684542	2685294	contig_1	2379	0.2868525896414343	0.23943661971830985	1
Cas11_0_IV	contig_1_2396	586	114	0.0035	14.5	2701882	2703639	contig_1	2396	0.09385665529010238	0.4824561403508772	1
AbiEii_2_CAS-III-C	contig_1_2399	592	440	0.003	14.0	2706503	2708278	contig_1	2399	0.1097972972972973	0.14772727272727273	1
Mem_DnaJ_0_CAS-III-AM	contig_1_2453	373	284	0.0021	14.6	2760417	2761535	contig_1	2453	0.2386058981233244	0.323943661971831	-1
AbiEii_0_CAS-III	contig_1_2467	341	284	1.4e-06	25.2	2773135	2774157	contig_1	2467	0.2434017595307918	0.30633802816901406	1
AbiEii_0_CAS-III	contig_1_2475	248	284	0.0053	13.5	2780634	2781377	contig_1	2475	0.38306451612903225	0.31690140845070425	-1
Cas9_0_II-C2	contig_1_2483	429	967	6.2e-14	48.2	2789610	2790896	contig_1	2483	0.29836829836829837	0.12719751809720786	1
Cas9_0_II	contig_1_2483	429	830	0.00025	16.7	2789610	2790896	contig_1	2483	0.19347319347319347	0.10843373493975904	1
Cas9_0_II-D	contig_1_2483	429	853	1.3e-27	93.7	2789610	2790896	contig_1	2483	0.3916083916083916	0.21219226260257915	1
AbiEii_0_CAS-III	contig_1_2488	336	284	0.015	12.1	2795250	2796257	contig_1	2488	0.34226190476190477	0.3908450704225352	1
Csm2gr11_4_CAS-III-D	contig_1_2494	300	130	0.0097	13.0	2801064	2801963	contig_1	2494	0.2	0.36923076923076925	-1
